Stone 0.8326129267452038 0.6700645093887667 0.7121032150220267 32.84588687863613 -0.7160362916035693 -0.5763064633726009 -0.0052797826782207125
Stone 0.9718880754802349 0.5678510990372211 0.5377247577705351 63.8714347844747 -8.48288457240404 -0.4533182383074088 1.2092440145163046
Dust 1.2671975985389827 1.4806491040964795 1.440817884987995 34.39899755803005 12.156988868648876 5.455271420914832 -0.1344007777410634
Dust 4.7188960313797 6.130425270774354 6.2714853429086865 18.439427422055875 7.703142657226312 1.613330687284469 -0.1344007777410634
Dust 1.9824212741851805 2.635427518833467 3.0990618440313717 20.821852254525858 -4.315152559839774 1.760760064125061 -0.1344007777410634
Dust 2.9190804818234675 7.434485637862095 7.819176490739602 10.527557792931606 1.4393772694515112 0.9190583218615167 -0.1980925884816331
Dust 0.38527248034779815 0.7040160767529329 1.0594601316988825 16.04711542149292 -2.7591930144165127 0.6760457843050133 -0.1980925884816331
Dust 3.7727000564336777 4.811063051223755 4.250332832336426 17.40349817276001 7.552861571311951 1.4964380338788033 0.0
Dust 2.5303750038146973 7.570719957351685 6.076470375061035 10.512667179107666 1.2119990587234497 0.9688045382499695 0.0
Dust 0.24548006057739258 0.10336446762084961 0.18292808532714844 19.835025787353516 7.9854230880737305 3.42533802986145 0.0
Dust 0.4065542221069336 0.09946060180664062 0.16913223266601562 33.93531799316406 12.331189155578613 5.705593109130859 0.0
Dust 1.6527729034423828 1.5870819091796875 0.7545146942138672 19.764415740966797 -3.83345890045166 1.851259469985962 0.0
Dust 0.14834201335906982 0.2743370532989502 0.208892822265625 15.70411205291748 -2.7756543159484863 0.7345110177993774 0.0