Obstacle 7.052613646304049 1.010024365444297 1.567092626585715 85.04243205536704 3.427569537314151 10.319288955394114 3.1211378393800935
Obstacle 2.161067328789727 1.0341578073032145 0.9975014697663682 52.33078960196626 -3.544564440431935 4.260936944106688 -2.9665236990596195
Obstacle 7.408518978965444 1.3506788628806834 1.8931035145048511 38.4430155587396 -5.1062455889127705 5.798496555054061 -3.065682489177875
Obstacle 2.620942286544578 1.1558547481809602 1.3167114360527163 25.21131652557301 -7.177333597832785 2.518887806224374 -2.959787523173717
Obstacle 6.616081160705921 2.400224826174287 1.9158803682519445 31.828257693486847 -11.680331079281807 5.9276832669722666 -2.94802793569051
Obstacle 2.189866516716759 2.514346429631228 0.9015420972647332 49.899378249638396 15.232134251456333 3.254874105039006 -2.9392090844065493
Obstacle 5.284176957595591 1.0278485311699306 1.085399694299715 33.15782684182528 13.988432080377574 4.213944687106889 -2.9960288473760106
Obstacle 1.4102471956304896 0.5360853258764131 11.368607151043117 14.107357435776336 12.558060083810618 0.5041498146490384 -2.9679902974730346
Obstacle 1.7634090377810445 1.8232719279283085 1.6657506542005764 9.963671896449904 5.408506343964404 0.6610735220672114 -3.0630528372500487
Obstacle 5.670000817030825 1 1 95.6653809273159 28.871033523157088 14.411406426765103 3.0912632427083357
Dust 0.6520097488900818 1.6239082556583426 2.5060515345504735 2.822942143170466 1.1507345952732684 -0.3345266234506723 -3.058687384582276
Dust 0.9486140012741089 0.5226989984512329 1.7008739709854126 2.5110340118408203 1.2134404182434082 0.011667996644973755 0.0