Obstacle 3.1046775774976947 1.171054777669051 0.9665324344259046 63.94627121691391 -4.3562410011776 5.901573883249454 0.13089969389957457
Obstacle 1.3952691799947643 1.7231620579151556 1.802595989079346 71.29810262053935 17.516905250740457 5.307152557935234 -0.49806517296498076
Obstacle 3.3533963917711365 1.3045646616105908 0.8135930795279119 76.32883382404714 18.03932781747264 7.2698987489135405 2.084626856340998
Engineering 6.048283001421766 4.522610974753871 11.288128368236846 17.51564897661396 18.762558651120685 1.787702690789184 2.461803837424613
Engineering 6.299819765108179 4.837121999873509 13.814558549090929 13.86372260902317 13.584552005597402 1.991845393870795 2.5307274153917776
Engineering 6.83327288787521 5.2508426271682955 13.507012195222053 22.191507825653844 25.44864882353636 2.4916297749456855 2.52596876798766
Engineering 7.304199906999188 5.563765990507239 13.254364030306766 26.336726859210103 33.02460692657564 2.5671285930622565 2.4179406257509375
Pedestrian 1.7365343544684475 1.274306556179959 1.4472067310698065 43.554618329280004 -33.8178677757889 -1.9159121226889302 -1.7465585639220162
Pedestrian 1.29185357022203 1.490707065878629 1.071657916409734 40.22293770103897 -35.206650724443584 -2.3761968237594937 1.3688541508878616
Pedestrian 1.2533602010309228 1.0895286559774815 1.0327797540103274 38.20056518192648 -34.72195739911541 -2.348794872076347 1.3688541508878622
