Truck 4.140949746570012 4.257669231347487 10.384821657995387 21.26121569657562 1.1554036613626977 1.1025273079677258 0.03945595408359597
Obstacle 0.5820456082359009 3.3017093662209107 3.265531069842303 23.152276824030295 9.626799137755683 -0.4329622241489559 -0.008535592155336785
Obstacle 0.5258476018875375 0.7209386008117098 0.6876033519872861 15.387230077496902 4.622695523069128 -0.7903874004834901 0.04249658029773994
Obstacle 6.419154979263621 2.2012175171910644 0.8728941329088933 34.374609641931066 7.487477834564172 2.797702101048809 0.012673180904225064
Obstacle 9.522530033663514 1.151906695329126 1.119147238134444 49.37358134567722 21.311844236372487 4.889931086323278 0.02617993877991509
Obstacle 9.767457808519909 1 1 105.84793556784014 49.870689267443844 6.377156747489411 0.05630553668914351
Obstacle 10.392303970871588 1.2134775331016885 1.3004460695069038 29.603821718618835 46.840642769165676 4.43903240657667 0.040919209724072404
Dust 1.368032419920086 3.9084621305740765 3.329790130141295 14.84366106222577 1.5589389179131965 0.5663570305946393 0.04363323129985825
Dust 0.4624680280685425 1.102308988571167 0.4433889389038086 15.841533660888672 1.0840264558792114 0.7363190054893494 0.0
Dust 0.8496609926223755 0.7561549544334412 2.794757843017578 7.052294731140137 -1.3225544691085815 -0.2071325182914734 0.0
Dust 0.1936190128326416 0.38271498680114746 1.0545129776000977 14.113431930541992 2.9259586334228516 0.200826495885849 0.0