Obstacle 1.6106540300303882 1.8207146250625776 1.1547046816257407 23.889344287643326 3.73955478758603 4.435839292426043 0.06108652381980153
Obstacle 2.2369960325165605 0.6957162126375618 0.9023948256442363 25.930348719040467 2.369186103579068 4.779571838342963 0.14973951214039213
Obstacle 1.3668261274141653 0.6155673540588116 0.7234412818431987 25.986693475379525 3.292594528021368 4.404344697625743 -0.07351985028417744
Obstacle 1.6232964294080392 1.6282915429737 1.0405152301536835 29.241543879983965 1.6673640596507084 4.1432282050909865 -0.008726646259971679
Obstacle 2.44413196284301 0.886352488199028 0.75780651468449 22.345284491031634 -10.298789908871186 3.3160420022344934 1.387536755335492
Obstacle 2.4758742347938547 1.4924110630752825 1.3894497227150424 28.1169928674949 -8.18434401832053 3.7783478078259773 -2.2252947962927703
Obstacle 2.037829527216638 0.6566545393394909 0.6576387193295047 22.35668334631705 -35.12153729799456 3.5084482829312043 2.2776546738526
Obstacle 2.756317344592272 1.5295568640581014 1.4996211783346531 39.51542570202673 7.661263978829311 7.825411132710679 -0.07853981633974527
Obstacle 2.8484206491154955 3.931694356287743 1.4991822725835482 50.55803114616083 -15.854839086966422 7.282379527585274 -0.02808997619246222
Obstacle 3.5600973650472363 2.235646235030888 1.4016338342955283 83.3488173440901 -7.352283332200955 6.1787296026337 -0.05333481376864287
Dust 1.1507769525051117 1.684594988822937 1.8124220371246338 2.736374020576477 0.43461745977401733 -0.025231480598449707 0.0