Dust 1.1448674683658702 1.7373834458626058 1.9328433075184388 1.3111835384663606 0.19851677226736952 -0.010261825947004984 -0.03968335932273277
Car 1.9753542444797345 2.9191262103202233 4.034228573758008 -24.656101322332916 37.031193164578326 -1.0561336164369786 0.9104558122684452
Obstacle 3.960531652730557 3.6331986010928192 3.223709709156055 34.74453462606636 13.728633228057603 5.338612733278437 0.23561944901923565
Obstacle 2.2518921034956842 0.631775764237309 2.2040510860218476 7.504925952441166 14.002211871998334 0.8523949888816793 0.1088017999397795
Obstacle 4.980463384664916 1.6281584739924693 1.8217750080883697 26.808211324649218 -22.378731783559573 2.7486488224163357 -1.1157909889507227
Obstacle 7.061023358328878 0.8119884899509829 1.4097388291350297 54.433691010876004 -52.76729154012429 7.726556319383343 -2.644173816771409
Obstacle 9.08267275430527 2.243488926569783 1.4282831938113527 53.00590099310901 -66.71859457619807 7.147604943772493 -1.089444908756498
Obstacle 8.897201447555542 3.7872665157422407 2.2273449467189343 26.793625341466818 -46.993713341796685 4.489111295804877 -1.0911725613849517
Truck 4.505201185719891 3.869481170361474 15.10246719682279 28.888528621307742 -42.235171932852325 2.3638967183947974 -0.9684807996549174
Dust 0.7708500027656555 0.22066795825958252 0.2571920156478882 1.9344239234924316 0.6879979968070984 -0.07538101077079773 0.0
Dust 0.0067450013011693954 0.05316901206970215 0.11618006229400635 1.3782689571380615 -0.2999095022678375 0.023473501205444336 0.0
Dust 0.007763000205159187 0.028887003660202026 0.018536031246185303 0.5218750238418579 0.38507550954818726 0.018398500978946686 0.0