Pedestrian 2.014848890487234 0.971670473372243 0.9984450773409637 16.668579410576992 2.4500159158759054 0.7750297855552439 0.9206611804270083
Obstacle 2.123167788567109 0.8699200780680145 1.876792753375196 17.18785650397964 -5.42853165453928 1.8498692785161666 -1.73660260573436
Obstacle 2.33894814391799 0.826587369997648 0.9990307551320553 19.54357638030091 4.427000772871813 1.9831972534769395 2.17293491873294
Obstacle 2.7227584047059654 0.9721350095025427 0.7219696671289254 25.482474345962878 5.7163972995645125 2.045620822972165 1.134464013796313
Obstacle 2.395595616291664 1.5775888262223372 0.92432468570875 20.4280988415645 -6.923044246105572 2.6296751243331773 -0.34033920413889457
Obstacle 2.7508395028298107 1.5850842693254001 1.226986289057668 21.97279013255015 -8.681023811904463 2.9800176182421536 -0.49048672016560896
Dust 0.5924901111017512 0.7598242561518734 0.46243283266387336 11.403188870649107 -1.5696209321560781 0.8670371591900571 1.1781107074010064
Dust 1.090409590650749 2.5601249557226495 1.7059277412549971 17.55352503965226 6.104254443055994 2.5958964152390007 2.2776546738526
Dust 0.8838510513305664 0.5837259292602539 0.5529098510742188 17.054548263549805 5.5213518142700195 2.685851573944092 0.0
Dust 0.26438212394714355 0.09112691879272461 0.2088909149169922 17.639320373535156 6.794133186340332 2.8899121284484863 0.0
Dust 0.1346610188484192 0.08465695381164551 0.2129344940185547 11.345261573791504 -1.4792134761810303 0.8254915475845337 0.0
Dust 0.03705400228500366 0.01950700581073761 0.2001950740814209 2.9667515754699707 0.1379224956035614 0.03406599909067154 0.0