Obstacle 3.008060117485965 1.126859405143541 1 74.38439514693982 -11.231417340273083 4.66908697091929 2.8757126697481534
Obstacle 7.089172050508517 2.4182779998949293 1.774097272591623 71.91271379316095 2.577063758784675 6.55492696857012 -2.963981087363935
Obstacle 2.912922834453727 1 2.938375381231155 34.351633360376674 4.287041140185995 2.458589047937793 3.069444999852297
Obstacle 3.100612419220118 1.2469822704680298 0.9180825708453616 22.24652254248438 4.51103503075619 1.80884268479028 3.0143100876877504
Obstacle 3.203631857778943 1 2.0893552357864498 30.299521948304452 -6.358957951587302 2.2021979769052886 3.045377219438827
Obstacle 2.9935596758830285 1.025314797378317 0.7924342653104324 17.793076829324008 -5.504887125987164 1.4814607908914548 3.0773756057241295
Dust 1.043419321977306 5.030910400582636 2.7580734737988735 1.6306151432341978 -0.4189381123482414 -0.23919412664549994 -0.01837781145461781
Dust 0.41151100397109985 0.6743929982185364 1.1696367263793945 8.636419296264648 1.051912546157837 0.4351334869861603 0.0
Dust 0.48495800234377384 1.3608259111642838 1.456644058227539 1.2316040396690369 1.0507869645953178 -0.21691800188273191 0.0
Dust 0.00804901123046875 0.0365138053894043 0.08733272552490234 13.327383041381836 5.572232246398926 -1.2282475233078003 0.0
Dust 0.18600904941558838 1.034308910369873 0.8309221267700195 2.521667003631592 -2.1865124702453613 -0.6266134977340698 0.0