Obstacle 3.1046775774976947 1.171054777669051 0.9665324344259046 74.59955643171946 -12.1847263623445 7.260695493209143 0.13089969389957457
Obstacle 1.338604344025882 1.6778301891400498 1.802595989079346 84.01892866377574 8.891318563435378 6.568078015941083 -0.6648982890112972
Obstacle 3.3533963917711365 1.3045646616105908 0.8135930795279119 89.30729178605101 8.976496687796661 8.596212267717661 -1.583578799464814
Engineering 6.048283001421766 4.522610974753871 11.288128368236846 30.79615241748978 15.460452624363025 2.906531325722653 2.435623898644698
Engineering 6.299819765108179 4.837121999873509 13.814558549090929 26.40049364416456 10.684691047256708 2.299625080690499 2.495820830351891
Engineering 6.83327288787521 5.2508426271682955 13.507012195222053 36.452997838143304 21.737272733205547 3.2112760080245897 2.4880234780355215
Engineering 7.304199906999188 5.563765990507239 13.254364030306766 41.0997067671263 26.989521708238673 3.2926009414831396 2.4434609527920608
Pedestrian 1.7365343544684475 1.274306556179959 1.4472067310698065 51.53984435409583 -39.454956742863956 -0.6168571483139459 -1.7771018258319173
Pedestrian 1.29185357022203 1.490707065878629 1.071657916409734 48.0009399939058 -40.421276864267426 -1.1754970725635552 1.2990409808080883
Pedestrian 1.2533602010309228 1.0895286559774815 1.0327797540103274 45.98737145064482 -39.84774519822395 -1.2752455412939763 1.3688541508878622
