Obstacle 3.1046775774976947 1.171054777669051 0.9665324344259046 55.53070831761426 -7.225919553749771 4.883137015435908 0.13089969389957457
Obstacle 1.338604344025882 1.6778301891400498 1.802595989079346 63.8259438624974 14.138063418472266 4.840750162230024 -0.6447364318368711
Obstacle 3.3533963917711365 1.3045646616105908 0.8135930795279119 68.62158647343267 14.60627326522391 6.571963801907507 2.992425317408764
Engineering 6.048283001421766 4.522610974753871 11.288128368236846 10.591272240701983 17.541908199919 2.6704947707015707 2.460931172798615
Engineering 6.299819765108179 4.837121999873509 13.814558549090929 6.50087152107244 13.292708873078027 2.1133649327490414 2.48360352558793
Engineering 6.83327288787521 5.2508426271682955 13.507012195222053 14.659347875207914 24.710055292477136 3.0913219322059353 2.5162525190719176
Engineering 7.304199906999188 5.563765990507239 13.254364030306766 20.409766566988797 32.26145791818587 2.2101646681773577 2.5172147490736037
Pedestrian 1.7365343544684475 1.274306556179959 1.4472067310698065 33.52471352774728 -35.71391928401408 -3.8929389485781996 -1.7291052714020732
Pedestrian 1.29185357022203 1.490707065878629 1.071657916409734 30.08111874388975 -36.538879213177914 -4.34138206203834 1.3688541508878616
Pedestrian 1.2533602010309228 1.0895286559774815 1.0327797540103274 28.256122244718558 -36.3070710056821 -4.40581350571641 1.3688541508878622
