Obstacle 3.558842206175297 1.0917100819740118 0.5512430480888416 80.38919251985996 12.912005368566767 6.583233110444747 -0.8886221942558661
Obstacle 2.83368394272163 1.3437979966634097 0.714419167847296 65.86533201177481 -8.290792419010932 6.311577393113235 -0.11297610108093942
Engineering 6.30497763784142 4.979745856611955 13.992697405403131 17.73171610719737 14.41651885909323 1.7028878183568064 2.425491709121948
Engineering 6.30497763784142 4.979745856611955 13.992697405403131 22.520414319835936 18.254320665391788 1.608252611973401 2.429636098420258
Engineering 6.30497763784142 4.979745856611955 13.992697405403131 27.595380969743246 25.08832625766445 1.772328849672871 2.4409308871745843
Engineering 7.294025969223237 5.444201297495465 13.992697405403131 33.029352081776324 31.132543758066276 2.2677327467940476 2.343120927856177
Pedestrian 1.9397033672809625 0.9929194472982206 0.7751175167583682 40.53560021818926 -36.05919436180087 -0.898056511244649 -0.3378286776256227
Pedestrian 1.9093846168765436 1.1009532435020004 0.7751175167583682 41.3917935017533 -37.93528530367643 -0.9713428858921918 2.3396889440397493
Pedestrian 1.8741307331082369 1.1303314799755895 0.7751175167583682 40.32359940934789 -37.648827049119056 -1.0076089954829763 -0.7985425125946339
Obstacle 1.3193127307854864 3.20277586496744 1.4704594158790272 43.72246482393439 -34.96325655548935 -1.035187310965639 -0.3331908582326104
Dust 1.1517670154571533 1.2167460918426514 1.4462518692016602 2.7344889640808105 0.08352300524711609 -0.09651651978492737 0.0