Obstacle 3.1046775774976947 1.171054777669051 0.9665324344259046 65.53679892765983 -4.230984539155022 6.088557165693838 0.13089969389957457
Obstacle 1.338604344025882 1.6778301891400498 1.802595989079346 73.01060501232608 17.646730717266422 5.077941636635465 -0.46873092119060267
Obstacle 3.3533963917711365 1.3045646616105908 0.8135930795279119 78.13745690217371 17.97695343764587 7.060591583950539 1.9030671641274453
Engineering 6.048283001421766 4.522610974753871 11.288128368236846 19.390652613406175 18.596542173487705 1.9086683508176194 2.479257129944556
Engineering 6.299819765108179 4.837121999873509 13.814558549090929 15.49890813250095 13.602663810928206 1.968442227508533 2.5307274153917776
Engineering 6.83327288787521 5.2508426271682955 13.507012195222053 24.090993296687884 25.280651119160666 2.4767033618014023 2.5220469842635853
Engineering 7.304199906999188 5.563765990507239 13.254364030306766 28.27660307977567 32.555098681632444 2.6385213780392363 2.47008063273117
Pedestrian 1.7365343544684475 1.274306556179959 1.4472067310698065 45.30817735260427 -34.04963367084948 -1.7988948148555186 -1.750921887052002
Pedestrian 1.29185357022203 1.490707065878629 1.071657916409734 42.09307514404827 -35.053539967405186 -2.261822517057802 1.3688541508878616
Pedestrian 1.2533602010309228 1.0895286559774815 1.0327797540103274 39.99745182068189 -34.794848161389346 -2.2800819649065738 1.3688541508878622
