Obstacle 3.558842206175297 1.0917100819740118 0.5512430480888416 75.47257902797759 10.830274661413881 6.12298646982289 -0.8886221942558661
Obstacle 2.83368394272163 1.34914161765831 0.7251064098370968 60.552059961498124 -10.011828574553643 5.97173600773729 -0.08859845502597578
Engineering 6.30497763784142 4.979745856611955 13.992697405403131 12.880403545650552 13.896006560573483 1.4768796832269853 2.4152712020807283
Engineering 6.30497763784142 4.979745856611955 13.992697405403131 17.670206017879536 17.936723954589525 1.4113041678763842 2.414341474084763
Engineering 6.30497763784142 4.979745856611955 13.992697405403131 22.833986194721547 24.514573650204056 1.1182250061980636 2.402299802036157
Engineering 7.294025969223237 5.675188514293451 13.992697405403131 28.427189742302744 30.617679889803753 1.66601617825237 2.2155126672593632
Pedestrian 1.9914944039114204 0.9929194472982206 0.7751175167583682 34.1550853918335 -37.305397713068544 -0.8033367847379723 -0.6444563634447871
Pedestrian 2.015146268181464 1.1009532435020004 0.7751175167583682 34.97735614339814 -39.11518353561027 -0.8094942052537412 2.2650755041522124
Pedestrian 1.8741307331082369 1.218466189396356 0.7751175167583682 33.789986677916815 -38.94966819932214 -0.9089926518588601 -0.9165153765259354
Obstacle 1.3193127307854864 3.15567286963931 1.486160414321737 37.49814588617542 -36.35171190130406 -1.0933282517899257 -0.4400277497806067
