Stone 0.8326129267452038 0.6700645093887667 0.7121032150220267 32.87276436394792 -0.6761776426750266 -0.616306463372601 -0.0052797826782207125
Stone 0.9718880754802349 0.5678510990372211 0.5377247577705351 63.8252624140473 -8.435354289066595 -0.4533182383074088 1.2092440145163046
Car 1.6815105110505055 2.1862472639506825 4.456880397609242 8.554798396391174 -3.0259938151249166 0.05300087795419066 -2.9407783904664697
Dust 2.4265990257263184 2.886093317310424 5.294009584554616 7.369145415203853 8.613038578166 0.4866994094848631 -0.07714546306468306
Dust 0.8684155069548508 0.956958354008595 2.4873552471961213 6.236173507196006 2.1676722267024418 0.1592772395035316 -0.04940868320694646
Dust 2.267656922340393 2.4924050678695497 3.190245259767563 9.803690695535925 1.6081343695170258 0.3635900378227235 0.15837557279235814
Dust 0.7320523401040008 0.7516565917979737 2.249391738667277 9.340045414661574 -1.3610489003700126 -0.41243183394580224 0.17099696504100004
Dust 1.0556404472425067 1.413510886404282 1.6102288619949856 11.378820413175085 -1.485552044538666 0.3209132195032876 0.18845025756094327
Dust 2.364212989807129 4.077854327582809 6.961587550379136 16.110430801433633 -0.0244432985914107 0.35330868244171143 0.14481702697996357
Dust 1.26528400182724 1.4845155228753235 2.126895043842385 21.223148434153483 -0.17619724236898682 0.2995040118694306 0.10991305586354304
Dust 3.7859839005716918 3.367626143325661 3.0386524821197938 24.841960854001766 1.29843872852088 1.256146023499555 0.10991305586354304
Dust 0.7802460193634033 0.9777956691021483 1.4825979170596355 22.99390254164196 -2.8443944078868144 1.4338719844818113 0.10991305586353683
Dust 0.5893900394439697 0.9673885255533499 1.0738475122114117 27.12932526237593 -5.621199599681807 2.3939419984817505 0.10991305586353683
Dust 2.271091043949127 2.2591545581817627 2.2188730239868164 5.744285583496094 8.648529410362244 0.27326151728630066 0.0
Dust 2.146382972598076 4.922137022018433 10.78752851486206 13.680667161941528 0.40492451190948486 0.24944452196359634 0.0
Dust 3.207231044769287 3.2953779697418213 2.662548065185547 24.9204044342041 1.399269938468933 1.5455224514007568 0.0
Dust 0.5893900394439697 0.8673758506774902 0.8581085205078125 27.199398040771484 -5.590288162231445 2.393941879272461 0.0
Dust 0.43182098865509033 0.42894113063812256 1.5464868545532227 6.390901565551758 2.1192214488983154 0.25757449865341187 0.0
Dust 0.7787110805511475 0.8718650341033936 1.460977554321289 22.988510131835938 -2.8779006004333496 1.4331045150756836 0.0
Dust 0.6824749708175659 0.9163684844970703 1.0914287567138672 8.940006256103516 8.687272071838379 0.04453049600124359 0.0
Dust 1.2652840614318848 1.4508499801158905 1.755122184753418 21.178560733795166 -0.13245601952075958 0.29950401186943054 0.0