Obstacle 1.7653842452057593 2.0137430665617755 0.5356232818037598 31.17014418980665 -1.2920873097739536 0.9043627788854334 0.6796137852500684
Obstacle 0.9202645353766338 0.4116973069754933 0.30886765848304076 30.927914344283934 0.1092810756938638 0.5448166586888625 0.23561944901923412
Obstacle 0.8953358396713378 0.4848661890759615 0.30727724864153316 27.21848658684268 1.8298089056271336 0.6547834321485613 2.2776546738526
Obstacle 0.8953358396713378 0.4848661890759615 0.30727724864153316 23.293251520027116 3.665646156482181 0.5877299173317009 2.2776546738526
Obstacle 0.8953358396713378 0.4848661890759615 0.30727724864153316 19.701501850316184 5.272158793157542 0.415845063485668 2.2776546738526
Obstacle 0.8953358396713378 0.4848661890759615 0.30727724864153316 17.265451785824467 6.792106497080535 0.23884919714714223 2.38237442897226
Obstacle 1.5089986795627714 1.0936036824929527 0.7063101727064693 11.540218714481352 9.753825238338095 0.5986363094763363 1.184368138750341
Obstacle 1.076814125339562 0.5397974610643765 0.5248697633167678 14.781735163915453 8.30100968582326 0.3210437743210774 1.7685231552262326
Dust 1.9555472852960731 3.9336451159859767 3.7236094927569776 2.8598063204023902 0.01886735090510694 0.1045601654974358 -0.07853981633974527
Dust 1.100296974182129 1.5292550325393677 1.7306108474731445 2.974934458732605 0.09691751003265381 -0.3140704929828644 0.0
Dust 0.030891895294189453 0.07001304626464844 0.09342098236083984 11.952457427978516 8.900965690612793 -1.3318150043487549 0.0