Stone 0.8326129267452038 0.6700645093887667 0.7121032150220267 33.041783751163166 -0.7554044617613496 -0.6012322446225995 -0.0052797826782207125
Stone 0.9718880754802349 0.5678510990372211 0.5377247577705351 63.862754320533895 -8.554074143801904 -0.4533182383074088 1.2092440145163046
Car 1.6815105110505055 2.3094848293542944 4.5493085716619515 7.39573312073554 2.08246502162052 0.056123025609833205 2.5601711770072755
Dust 2.8327280044555665 3.291908634771703 2.520099675327317 11.01713417145116 5.775873005639901 1.3197123317718513 -0.7959824266161855
Dust 3.0170479557457988 4.982339366195302 10.85329201853006 14.26500984758891 -1.304668081330183 0.5274299751492056 -0.5020369228769664
Dust 0.7790852992598486 0.729181008892622 0.7763747315659586 21.869297303155637 -1.025892203231303 1.6016345493796817 -0.38859052149733486
Dust 1.7656491409732018 2.8206889423839243 8.923908157541055 22.863802604089166 5.314703968192472 2.6233354503416466 -0.9778815986031361
Dust 0.6317991018295288 1.0747419184738984 0.6626499376773176 27.964758678695805 -0.42978655379447894 1.7089765667915344 -0.9778815986031361
Dust 1.77582187318286 2.5 3.188398569894601 33.715641115298695 -9.675622668870599 5.388783015516025 2.037599659283348
Dust 1.333324315082379 2.5 2.3136178621252403 38.87417128190067 -28.228453523572508 1.4395822398131652 -2.6195326828014185
Dust 2.129249095916748 1.1927471160888672 3.2568769454956055 11.199502944946289 5.480734348297119 1.409576416015625 0.0
Dust 0.404482364654541 0.1993083953857422 0.3725166320800781 33.02166748046875 -9.875837326049805 5.254429817199707 0.0
Dust 1.5745710134506226 4.512914061546326 3.886458396911621 23.845064640045166 4.049475133419037 2.718874454498291 0.0
Dust 0.2933788299560547 0.07888603210449219 0.232696533203125 21.137401580810547 8.779730796813965 2.3783345222473145 0.0
Dust 2.9130419492721558 6.73516321182251 11.483361721038818 14.163396120071411 -2.6967155933380127 0.47542691230773926 0.0
Dust 0.6150259971618652 0.37773603200912476 0.6666336059570312 21.92265510559082 -1.0710879564285278 1.5719070434570312 0.0
Dust 0.6317991018295288 0.4267599880695343 1.128561019897461 28.031265258789062 -0.5873270034790039 1.7089765071868896 0.0
Dust 0.33002400398254395 0.22231483459472656 0.29019927978515625 38.766815185546875 -27.83602523803711 1.5913970470428467 0.0