Stone 0.8326129267452038 0.6700645093887667 0.7121032150220267 32.91315127315238 -0.7312205120264252 -0.5957361508725989 -0.0052797826782207125
Stone 0.9718880754802349 0.5678510990372211 0.5377247577705351 63.865080123400276 -8.561994581197155 -0.4533182383074088 1.2092440145163046
Dust 3.562911193269002 14.303738180332449 12.235292144692352 9.859665878128453 1.5032646962132503 0.968327987258877 -1.4705052516642065
Dust 2.065589800168728 3.8366647052393414 7.821918726421502 22.603947486853606 -2.6140574349739727 0.3552780674449329 0.02156229258320819
Dust 0.47180227730783386 0.24089729611482363 0.21305828060158458 35.36426987162722 -8.795851768586402 0.35253644253171995 0.02156229258320819
Dust 1.8885771822518316 0.7146543823092228 5.471509599494087 28.61723809452113 -24.62817902071113 2.2185603583064575 0.02156229258320819
Dust 2.3969650268554688 6.805615186691284 4.820114612579346 5.711575269699097 2.8370927572250366 0.450824499130249 0.0
Dust 0.31286001205444336 0.12657928466796875 0.237518310546875 27.284976959228516 -24.378297805786133 3.0012190341949463 0.0
Dust 1.5471899509429932 3.1760902404785156 2.892536163330078 20.269983291625977 -2.4461669921875 0.6144779920578003 0.0
Dust 0.37600696086883545 0.1537160873413086 0.14947509765625 35.35232925415039 -8.794111251831055 0.36620450019836426 0.0
Dust 0.6746729612350464 0.5052750110626221 0.2159404754638672 26.19763946533203 -1.6618294715881348 0.6208965182304382 0.0
Dust 0.4374520182609558 0.9344859719276428 1.2251310348510742 10.729925155639648 -0.833603024482727 0.04272100329399109 0.0