Dust 1.7110880041634766 2.303421116902907 2.467544435093881 2.9059929611872857 0.06740285350102793 0.12649339839084706 -0.03968335932273277
Obstacle 14.373337726024314 1.8158566050655192 2.3584860215875025 125.31009021534445 6.439213914595547 4.029829351750819 -0.963896589594992
Obstacle 13.727033572182219 3.035531339256439 2.0112638382369337 90.05137540670421 9.780020911143765 10.449789775279747 0.008629470601046615
Obstacle 10.879998852699634 1.3155481165550775 2.1358991264070806 68.0976395289769 -12.004915398405975 7.536636289662519 -0.0012762865089130644
Obstacle 5.510997800468941 2.117777633529872 1.8012345054185475 49.67649486006318 10.819938697877141 8.055778205546128 -0.04785750250564133
Obstacle 8.039064084734845 1.8381646622237529 2.999219290712988 70.90302219913548 15.888802525329131 7.111054670319329 1.0210176124166832
Obstacle 5.0899909198750635 1.3708730747557765 1.5225395428545727 41.146024074347906 -23.897429433940488 2.1342121465279242 -0.057171476394814125
Obstacle 6.0017234933915615 1.9266081931839167 2.1571847025233737 38.4562614471663 -28.50130155342356 3.5080018137646 -0.005161551994509184
Stone 0.5009891596227476 0.8599919786755786 0.8648529267110905 29.52507982798152 -16.01657968581609 0.40071964087295564 -0.03329073351668447
Stone 0.7228177868729783 1.0082143739966283 1.1186156270972751 19.59458961012636 -22.41113011625938 -0.3943524083559928 -0.13089969389957457
Stone 0.5767049869635158 0.8554102405813384 0.6708226688660341 16.662967672086925 -23.949019110559586 -0.6187269706129869 -0.302536092955187
Stone 0.441943672459647 1.0380432722594737 0.7049440434580463 19.800904903737912 -18.814509450093656 -0.16862261769828224 -0.0788602698060681
Stone 1.0707705689291507 1.2714431307296032 1.8288459861392634 13.022873990430018 -22.75857647212872 -0.41505744060485 1.5446163880149817
Obstacle 5.159772056932061 0.90286262886152 1.3655740952282553 17.421831982372076 -26.930159107939627 2.0858650299880948 0.014662631849975405
Obstacle 0.3598662168337361 0.6399342806537236 0.4248100999396316 3.05002421875333 5.50538832451642 -0.38451247530159405 -0.02617993877991509
Obstacle 11.981065582265465 2.8810260107772447 3.443632659349393 117.24342938967214 11.77266397826972 9.542194952788616 0.03561284636174064
Obstacle 6.7905553586237355 2.3751606911084724 2.880750977951888 116.62017536079364 9.008697487082003 7.09248208131659 -0.017737704618504945
Dust 1.363444983959198 1.8930659592151642 2.2060232162475586 2.887197494506836 0.1870030015707016 -0.07402351498603821 0.0