Dust 1.1976142069183873 4.5150978444727015 2.3066330180565493 2.0669415678211824 -0.08206703325187581 -0.056519766661400385 -0.047359311630596514
Obstacle 1.6106540300303882 1.8207146250625776 1.1547046816257407 23.887909735193944 3.5992054304119847 4.435839292426043 0.06108652381980153
Obstacle 2.2369960325165605 0.6957162126375618 0.9023948256442363 25.93398027976235 2.2977978029992303 4.779571838342963 0.14973951214039213
Obstacle 1.3668261274141653 0.655477935758915 0.7234412818431987 25.979741492985795 3.2435858015387566 4.404344697625743 -0.07351985028417746
Obstacle 1.6232964294080392 1.6282915429737 1.0405152301536835 29.240450766589674 1.5421056713930739 4.1432282050909865 -0.008726646259971679
Obstacle 2.4758742347938547 1.4924110630752825 1.3894497227150424 28.12200352017021 -8.188188827346039 3.7783478078259773 -2.2252947962927703
Obstacle 2.037829527216638 0.6566545393394909 0.6576387193295047 22.335839722273477 -35.146655897797245 3.514883534069783 2.2776546738526
Obstacle 2.756317344592272 1.5295568640581014 1.4996211783346531 39.51564987087181 7.664112314068461 7.81438586333231 -0.07853981633974527
Obstacle 2.8484206491154955 3.931694356287743 1.4991822725835482 50.5580311461606 -15.854839086966422 7.282379527585274 -0.02808997619246222
Obstacle 3.5600973650472363 2.235646235030888 1.4016338342955283 83.2254534830754 -7.349076096812951 6.1787296026337 -0.05333481376864286
Dust 1.141588032245636 2.117917060852051 1.0734080076217651 2.11073100566864 0.4994655251502991 -0.03363199532032013 0.0
Dust 0.3698779344558716 0.3887619972229004 0.4945507049560547 7.237196445465088 -1.2488720417022705 1.3123700618743896 0.0