Dust 1.9653750080241705 2.805678287196446 5.25857399274723 3.2533450832852804 -1.4207417094138897 0.23790251190548917 -0.03973776134864828
Car 1.9753542444797345 2.9191262103202233 4.034228573758008 80.96313945827433 26.596223872862538 4.975645514285688 1.0962134156230956
Obstacle 13.44633196135728 4.1464555597992225 4.3036078667227935 114.73471687190397 25.214167031930174 15.311981437603546 0.23561944901923565
Obstacle 8.215500548691228 1.6545265300175052 2.3020340201348306 87.36115466707349 9.95461795237361 9.12008387841697 1.1344177051074842
Obstacle 10.343058550646504 1.6963798801157162 6.06584378137117 80.33188516556547 3.8529243872219374 8.73156469050068 -0.5105657714871075
Obstacle 14.373337726024314 1.8158566050655192 2.3584860215875025 81.90752199389226 5.185535229619617 10.71036977219876 -0.7365558761932411
Obstacle 2.0392424180073516 1.1025239308403774 1.0973297516631744 71.3232359476757 2.637529961152073 4.488063324238594 -0.016391446989808257
Obstacle 8.479754207414402 1.9381649313073104 1.6473293008315424 47.35686614434644 7.221144315416495 6.100837145439259 0.008629470601046615
Obstacle 4.461768688028923 0.9009447090148752 1.5432325353630651 24.884778192514208 -12.812760994585227 2.7918973448236293 -0.0012762865089130644
Obstacle 2.3204452033743466 2.0191114490982747 2.5260335563009653 7.516036941119028 9.751654887834354 0.7206717741317897 -0.04785750250564133
Obstacle 3.9852669515551984 1.3945038618202257 4.471256944180029 29.345759480002265 15.726186399240866 4.519382015630373 1.0210176124166832
Obstacle 11.694949963355542 4.236239510132004 4.0818833659110405 75.14239019721768 8.951697970339739 8.85462128596438 -0.1442406534307377
Obstacle 7.0291809074832665 2.150895148930214 4.906320860896848 75.02559544969004 5.375986925574338 6.3033574850219 -0.14201973486045025
Dust 1.3588020205497742 2.554084897041321 4.801177978515625 3.5246410369873047 -1.5389254689216614 -0.07411900162696838 0.0