Dust 1.612542324617719 2.8381198742941027 4.52792385853113 2.8034476326925457 -1.5735971273985108 0.24647135470677892 -0.03968335932273277
Car 1.9753542444797345 2.9191262103202233 4.034228573758008 85.9698458137128 26.09605409402642 4.979886024934439 1.069411713098267
Obstacle 13.677400137126856 4.317541212701357 4.3036078667227935 119.60394599282881 24.44689073537029 15.698500951320803 0.23561944901923565
Obstacle 8.215500548691228 1.6545265300175052 2.3020340201348306 92.28671147580417 9.375070470240644 8.882452331213292 1.180537648383216
Obstacle 10.343058550646504 1.7954664296021057 1.5534385068190244 87.23765329362313 2.120980964953258 8.359759952875475 -0.50636547503123
Obstacle 14.373337726024314 1.8158566050655192 2.3584860215875025 86.88127576437364 4.6120458093273555 9.9680875032601 -0.7618159554601023
Obstacle 2.0392424180073516 1.1025239308403774 1.0973297516631744 76.50398070347727 2.23378992275099 5.116457317264672 -0.01639144698980826
Obstacle 9.41811060589852 1.9381649313073104 1.6473293008315424 52.282312295215206 6.932348196209659 6.79163484899919 0.008629470601046615
Obstacle 5.625416305007665 0.9009447090148752 1.5432325353630651 29.539442600930442 -13.018238313676193 3.220743500236815 -0.0012762865089130644
Obstacle 2.3204452033743466 2.0191114490982747 2.5260335563009653 12.556821305051432 9.398081725962477 0.7206717741317897 -0.04785750250564133
Obstacle 3.9852669515551984 1.3945038618202257 4.471256944180029 34.359589454384036 15.362140369960143 4.5942612058817724 1.0210176124166832
Obstacle 5.433276546819055 1.1807408083832311 2.2612223381908807 16.418877179823397 -25.64373677528739 1.8867383249888021 -0.05211139151719779
Obstacle 11.694949963355542 3.593811471462462 4.282653531552811 79.87503825058607 7.836451658085743 9.221240208099525 -0.1442406534307377
Obstacle 6.7905553586237355 2.150895148930214 4.7870080864670825 79.74379882366473 4.57616134998635 6.160855817247889 -0.07220656478067708
Dust 1.222858965396881 0.9357401132583618 2.3071640729904175 2.233064115047455 -2.334036111831665 -0.19096949696540833 0.0
Dust 0.44579800963401794 0.20812001824378967 1.782393217086792 3.147554397583008 -0.5957310199737549 0.3067229986190796 0.0