Dust 1.9541932609193893 2.3497364183287535 4.286090589528577 8.859339476154036 -0.8056974752433221 0.7167758748435827 -0.03968335932273277
Car 1.9753542444797345 2.9191262103202233 4.034228573758008 6.416079705495122 33.41963637619574 0.6581911029867411 1.0282655367780633
Obstacle 5.245775433413321 3.6331986010928192 4.3036078667227935 39.37580899607782 36.310781256922205 6.071151234596995 0.23561944901923565
Obstacle 8.723229854041303 1.749018636006081 2.401253078736464 53.715078782774334 2.032149977300774 6.9721596213554475 -0.4211499407277813
Obstacle 8.791590694828615 2.185324469758993 1.4097388291350297 93.80865058594539 -5.977489235399697 13.421287518275328 -0.47561896588094205
Obstacle 10.515323875862054 2.243488926569783 1.4282831938113527 100.66994590568808 -17.724143166037166 10.775349302562955 -0.4784586942633229
Truck 4.505201185719891 3.869481170361474 15.10246719682279 103.74484552318985 -30.700505515239147 7.975398106038131 -0.5787361919298973
Obstacle 4.126055095658248 0.8386332466590063 1.081256973182658 24.331935235308748 -15.619201360556936 3.4552637539384436 -0.17654503772414348
Obstacle 4.501125289057046 1.150905324025533 4.768928499803621 11.088152602926925 18.819235939252504 1.654831839960529 0.8115781021773629
Obstacle 2.3100436741356565 2.4942391562615427 3.884523647880103 9.93430670987654 9.248548285646311 0.8928806918409243 -0.3687010898259676
Obstacle 2.8918630446096665 1.8158566050655192 2.2053378450964 9.791951288040652 11.682195515457432 0.927431192452729 -0.37619881049276244
Dust 1.6900540590286255 1.6369339227676392 3.663132667541504 9.166976928710938 -0.8058620095252991 0.5963500142097473 0.0
Dust 0.051114022731781006 0.00929500162601471 0.14589500427246094 2.560255527496338 0.17539051175117493 0.3101319968700409 0.0