Engineering 6.812691115700722 4.706715934760899 13.99479604336956 155.80821457789398 14.796776846816176 8.630972612054018 3.0204940181346513
Engineering 7.098487156236784 4.706715934760899 13.886111521911927 158.6398874665009 21.199177922886893 7.313465610608056 3.0454417956203694
Engineering 7.242140679633119 4.706715934760899 13.455150951722919 160.27019099784127 29.5341564317892 8.259765442113538 3.0266874337103755
Engineering 7.242140679633119 4.706715934760899 13.455150951722919 161.88231585775495 36.82204366772585 8.35145622504923 2.717934731295421
Dust 1.4464764622932973 2.3837304792595178 2.3490149079616796 3.417175781127682 0.8718876662401027 -0.0027866200246122325 0.026179938779915028
Car 2.140469828339093 1.981120638778308 4.695937185276229 28.40409878155151 33.38244491312935 0.31911503122324986 0.02617993877991493
Car 2.140469828339093 1.981120638778308 4.695937185276229 27.749816404267342 25.353232528135536 0.3293106742216388 -2.9146998508305297
Obstacle 1.8423145004069863 1.1725002721666187 0.7067287219434133 29.488846953076184 29.17778216858084 0.41269072344584895 0.1308996938995747
Stone 0.6106132201127292 1.039930251470253 0.9340070425246841 32.698384791435274 12.696336247077852 0.09176866309055232 -0.3082763543056926
Stone 0.5919840182337593 0.6451444616535902 0.9675355364000962 7.568770877733691 12.181185500838426 -1.05464129463481 -0.34919167520763894
Dust 0.0860700011253357 0.7949920296669006 0.5266430377960205 3.7284793853759766 0.7362500429153442 -0.5568549633026123 0.0