Stone 0.8326129267452038 0.6700645093887667 0.7121032150220267 32.86684873304685 -0.6628128899628791 -0.6151814633726009 -0.0052797826782207125
Stone 0.9718880754802349 0.5678510990372211 0.5377247577705351 63.80987162390505 -8.419510861287563 -0.4533182383074088 1.2092440145163046
Car 1.6815105110505055 2.1862472639506825 4.456880397609242 17.613651994217964 -1.2529846099286897 -0.13001026422276263 -2.958333082130389
Dust 1.5227571961479802 7.132699981209205 2.351272340874837 2.108186906373252 0.29147325945541525 0.03590210472691108 -0.014872362220650803
Dust 2.5338879947004647 5.150243780799735 7.250898512790992 7.9777272865655044 7.311492077494549 0.6112920580239132 -0.0008771569652898936
Dust 2.513293981552124 3.7584327285217864 7.002720564370958 10.358488467343722 1.4676583552374263 0.4209966254234313 0.3692856503210347
Dust 0.7730517183912211 0.8775740044173062 1.9400760652366351 16.891969497583556 0.7543431503939482 0.5928481322937998 0.10298938069633223
Dust 2.3824363708496095 1.9580417520093643 3.3828130850446065 23.191287579193485 -3.7407898016859447 0.5113485097885132 -0.09779814421564657
Dust 2.7120679691433907 3.2646303731359585 2.3582986286706102 25.647945254300925 -0.016285552819476995 1.4568269811570644 -0.7070769450938084
Dust 1.9333484912740773 1.588635710038807 1.9268956057595794 28.956708687496814 -6.887041039847083 1.249831055361649 -0.7070769450938084
Dust 1.9207130670547485 4.152299880981445 3.5109310150146484 6.1081156730651855 7.618312835693359 0.650669515132904 0.0
Dust 2.335998982191086 5.21569499373436 5.701496839523315 9.730266690254211 1.3528345376253128 0.3337135463953018 0.0
Dust 2.7120680809020996 3.1933209896087646 2.7317733764648438 25.882356643676758 0.020052552223205566 1.45682692527771 0.0
Dust 0.5363849997520447 0.7860260009765625 0.9457912445068359 9.851235389709473 7.206939220428467 -0.04277649521827698 0.0
Dust 1.671294927597046 0.7022557258605957 1.7503833770751953 29.171287536621094 -6.644559860229492 1.3490015268325806 0.0
Dust 2.088824987411499 1.5797088146209717 2.8726425170898438 23.12973403930664 -3.661349296569824 0.5282845497131348 0.0
Dust 0.2163819670677185 0.1380770206451416 0.2162322998046875 16.802108764648438 0.8621475100517273 0.8711830377578735 0.0
Dust 0.045076001435518265 0.16789495944976807 0.16549301147460938 1.8519314527511597 0.9457665085792542 -0.029120000079274178 0.0
Dust 0.046118974685668945 0.19266200065612793 0.2964961528778076 2.9943361282348633 0.6934559941291809 -0.6911464929580688 0.0