Obstacle 3.1046775774976947 1.171054777669051 0.9665324344259046 57.28869770838868 -6.452775588460545 5.046501705365753 0.13089969389957457
Obstacle 1.338604344025882 1.6778301891400498 1.802595989079346 65.08129805896232 15.072605190064102 4.9715012917940395 -0.6154021800624931
Obstacle 3.3533963917711365 1.3045646616105908 0.8135930795279119 70.08959985261299 15.326981245675825 7.082278679470937 2.810865625195211
Engineering 6.048283001421766 4.522610974753871 11.288128368236846 12.144534214032888 17.654215699634733 2.5531323191966524 2.467039825180595
Engineering 6.299819765108179 4.837121999873509 13.814558549090929 7.865031534737454 13.377915380363902 2.0884605306978004 2.499311488855879
Engineering 6.83327288787521 5.2508426271682955 13.507012195222053 16.0241164946547 24.968849486629026 3.0152633700132947 2.524529859598762
Engineering 7.304199906999188 5.563765990507239 13.254364030306766 19.84656308562721 33.68069720703761 2.2815574531543374 2.4788158011066304
Pedestrian 1.7365343544684475 1.274306556179959 1.4472067310698065 35.51553756122617 -35.33228925726594 -3.382417134100942 -1.7291052714020732
Pedestrian 1.29185357022203 1.490707065878629 1.071657916409734 32.528801080214805 -36.26532198004449 -3.7386475132221397 1.3688541508878616
Pedestrian 1.2533602010309228 1.0895286559774815 1.0327797540103274 30.427225487653388 -35.80188272484502 -3.7152574362183746 1.3688541508878622
