Obstacle 7.052613646304049 1.010024365444297 1.567092626585715 64.98023124176038 -10.894376879125971 6.908720840708041 3.1211378393800935
Obstacle 2.161067328789727 1.0341578073032145 0.9975014697663682 31.641601806951638 -11.44721726190399 2.2799716277697906 -3.0890540995863827
Obstacle 7.408518978965444 1.3506788628806834 1.8931035145048511 17.88079392263593 -10.377668344720744 3.2674416792140555 -3.065682489177875
Obstacle 6.616081160705921 2.400224826174287 1.9158803682519445 10.038554356653593 -16.112424675160202 4.263667522183855 2.99061846883757
Obstacle 3.0902386289174624 1.093403307546876 1.0310230070933761 97.92322044440857 5.6052061661155586 6.349785393648247 3.0939334298412486
Obstacle 2.189866516716759 2.514346429631228 0.9015420972647332 32.64538776649746 7.405983973998255 1.6666586239686847 -3.0962887170860376
Obstacle 5.284176957595591 1.0278485311699306 1.085399694299715 16.040258273863373 9.380772042184814 2.5291563811286473 3.101987934474802
Obstacle 5.670000817030825 1 1 80.18740283083557 12.44176856907304 13.501423563321099 3.0912632427083357
Dust 0.6520097488900818 2.1376360778137546 3.2063261743891083 3.565488269222658 1.843711785779999 -0.3774672067244237 3.1257498978707847
Stone 0.9744478682817689 1.5104860651792846 1.3660706701179315 16.33367185068888 -18.817072647863576 2.7062766306040626 2.6974420948252837
