Stone 0.8326129267452038 0.6700645093887667 0.7121032150220267 32.879804979169194 -0.6895483351149778 -0.6189731300392676 -0.0052797826782207125
Stone 0.9718880754802349 0.5678510990372211 0.5377247577705351 63.84065320418995 -8.451197716845854 -0.4533182383074088 1.2092440145163046
Dust 1.3775220075584855 2.4402493216684715 4.782505127564694 9.557112513630475 2.5443229680568726 0.22872202558629678 0.10991305586279654
Dust 2.260637000922499 3.5811768093856693 9.275749638215698 6.336291929861012 -2.2863538583881073 0.267598096666665 0.11683394953787184
Dust 2.4196354446739985 3.9737487904775595 9.76597399005737 16.132588560854046 0.19493496050139106 0.5628409462139523 0.2002056692500799
Dust 4.6284167330840535 3.952169377283327 4.323701630139663 24.398937342216627 2.138231983072513 1.742666862339809 0.16529908464656895
Dust 0.7363879680633545 1.2383672156388794 1.8078283310810157 25.454146307756094 -4.989190746531181 2.520568966865539 0.16529908464656895
Dust 2.150928020477295 4.19757604598999 9.693723678588867 6.611164093017578 -2.0820138454437256 0.2128230333328247 0.0
Dust 4.249725103378296 3.5380518436431885 3.2629737854003906 24.460750579833984 2.0585248470306396 1.932012677192688 0.0
Dust 1.20340895652771 2.272657871246338 3.2771081924438477 9.830116271972656 2.443444013595581 0.2557785212993622 0.0
Dust 2.1593210697174072 4.228967189788818 4.07830810546875 15.253137588500977 0.19787150621414185 0.5145155191421509 0.0
Dust 0.2558450698852539 0.10022974014282227 0.15236663818359375 26.184965133666992 -4.28326416015625 2.2802975177764893 0.0
Dust 1.2429240942001343 0.8345530033111572 1.2320785522460938 20.152494430541992 0.27841049432754517 0.5725319981575012 0.0