Obstacle 1.6106540300303882 1.8207146250625776 1.1547046816257407 23.889344287643326 3.739554787585803 4.435839292426043 0.06108652381980153
Obstacle 2.2369960325165605 0.6957162126375618 0.9023948256442363 25.929138198799592 2.392982203772135 4.779571838342963 0.14973951214039213
Obstacle 1.3668261274141653 0.59960312137877 0.7234412818431987 25.986107159903668 3.2846339743077806 4.404344697625743 -0.07351985028417744
Obstacle 1.6232964294080392 1.6282915429737 1.0405152301536835 29.241908251115433 1.7091168557367382 4.1432282050909865 -0.008726646259971679
Obstacle 2.44413196284301 0.886352488199028 0.75780651468449 22.367859911390156 -10.323314621035479 3.3160420022344934 1.387536755335492
Obstacle 2.4758742347938547 1.4924110630752825 1.3894497227150424 28.115322649936275 -8.183062415312179 3.7783478078259773 -2.2252947962927703
Obstacle 2.037829527216638 0.6566545393394909 0.6576387193295047 22.375242926861347 -35.10982253269003 3.5063031992183444 2.2776546738526
Obstacle 2.756317344592272 1.5295568640581014 1.4996211783346531 39.51535097907845 7.6603145337494425 7.829086222503468 -0.07853981633974527
Obstacle 2.8484206491154955 3.931694356287743 1.4991822725835482 50.5580311461606 -15.854839086966422 7.282379527585274 -0.02808997619246222
Obstacle 3.5600973650472363 2.2233434055902244 1.3155140282108806 83.41240663690405 -7.354551875117977 6.1787296026337 -0.05333481376864287
Dust 1.0644009113311768 0.1616550087928772 0.7301650047302246 3.0073704719543457 -0.5457944869995117 0.004570513963699341 0.0