Obstacle 2.161067328789727 1.0341578073032145 0.9975014697663682 115.23291179900673 16.47293648974456 10.660488523416594 -2.5376672972159486
Obstacle 7.408518978965444 1.3506788628806834 1.8931035145048511 101.80089895090886 10.980988587168895 12.542679501169768 -2.7387605036636873
Obstacle 6.616081160705921 2.400224826174287 1.9158803682519445 97.88428623829162 2.4655325710338447 12.228847787989022 -2.8153829125389414
Obstacle 5.8743616921127915 1 1.302232323908862 58.631028305572336 -11.89550768238521 7.5628832196211295 -3.075220976247625
Obstacle 2.1564909643534467 1.5341093463091813 1 8.810985539630808 -12.975899556044157 1.9827808673030298 3.124181782121401
Obstacle 1.7634090377810445 1.8232719279283085 1.6657506542005764 72.37998580757092 12.707596960096636 5.78803165939506 -3.0630528372500487
Dust 0.37986459770058656 4.0518745056195735 3.9984898353704224 4.340229646468784 0.9152053983016236 -0.4834149749662552 -3.1398247285198266
Stone 0.9744478682817689 1.5104860651792846 1.3660706701179315 47.933876030705505 -33.85437578419669 2.7062766306040626 2.6974420948252837
Dust 0.23922598361968994 0.9817759990692139 3.8550562858581543 4.3893632888793945 2.365753173828125 -0.5535889863967896 0.0
Dust 0.024143993854522705 2.0963239669799805 0.3886723518371582 6.134844779968262 -0.05358600616455078 -0.6612520217895508 0.0
Dust 0.20360103249549866 1.3750789165496826 1.0650391578674316 2.875690460205078 -0.0741334855556488 -0.5577775239944458 0.0