Obstacle 3.558842206175297 1.0917100819740118 0.5512430480888416 70.70954174798473 8.021309653534034 5.662739829201033 -0.4654509085651888
Obstacle 2.83368394272163 1.3427292724644295 0.7122817194493358 54.80645253472321 -12.130898998823882 4.612281341553862 -0.06449604848931893
Engineering 6.30497763784142 4.979745856611955 13.992697405403131 8.391869776930434 13.291531854462391 1.5772457205635044 2.405050695039509
Engineering 6.30497763784142 4.979745856611955 13.992697405403131 12.90089560467402 17.546387307626446 1.649521287067821 2.3990468497492667
Engineering 6.30497763784142 4.979745856611955 13.992697405403131 18.27875228720802 23.820461035082644 1.7700937921040458 2.375013357035692
Engineering 7.294025969223237 5.39552284684833 13.992697405403131 24.15210960311458 30.355389669357464 2.039403803089987 2.2767491927612182
Pedestrian 1.8802856478108214 0.9929194472982206 0.7751175167583682 27.578606999872186 -38.418998620049685 -2.645414629596344 -0.9510840492639515
Pedestrian 1.9622654425290036 1.1009532435020004 0.7751175167583682 28.273304345653482 -40.239567860533995 -2.7076054325362153 2.153776120820716
Pedestrian 1.8741307331082369 1.149916970957982 0.7751175167583682 27.11407811148399 -39.929031362938986 -2.8166045958728887 -0.9497114462084832
Obstacle 1.3193127307854864 3.108569874311181 1.501861412764447 30.789865292749322 -37.57581496478698 -2.8432341418119953 -0.5468646413286031
Dust 0.18169701099395752 0.6426510214805603 0.6881420612335205 2.3770971298217773 -0.15552949905395508 0.1971285045146942 0.0