Stone 0.8326129267452038 0.6700645093887667 0.7121032150220267 32.876284671558665 -0.6828629888950672 -0.6176397967059343 -0.0052797826782207125
Stone 0.9718880754802349 0.5678510990372211 0.5377247577705351 63.83295780911874 -8.443276002956281 -0.4533182383074088 1.2092440145163046
Car 1.6815105110505055 2.1862472639506825 4.456880397609242 4.171804804839366 -3.6875791672115987 0.06596901719262441 -2.8949740510152564
Dust 1.8550716696624665 1.8931957532777968 4.867504454732571 6.976139509189608 9.175593291293499 0.5296316606578872 0.10991305586203003
Dust 2.0379689931869507 2.7587298050134397 3.539300256717146 9.781456754609158 2.1429018704037137 0.23802168011665342 0.10991305586203003
Dust 0.5465109944343567 0.6975131210955259 2.463510004180842 4.816401881920283 -2.2601745036775256 -0.5583615028858184 0.2408127497606946
Dust 1.7840139865875244 2.5578610763892455 6.142869098341566 9.182587258556834 -1.846231557077508 0.026578006744384777 0.23208610350021636
Dust 2.5872530937194824 3.7928901771922616 5.281048012676216 16.091502904171314 -0.13022556120766218 0.41947568893432613 0.10991305586061317
Dust 1.3883579969406128 1.5884163262540731 2.2347006315828892 20.871960155982848 -0.04425818251781921 0.34487301111221313 0.10991305586076193
Dust 0.5856597281004788 0.5377012762776363 0.8856921251319179 23.049501744798093 -2.5623794031157954 1.7025046625379372 0.10991305586076193
Dust 0.9637004141404995 1.2375406275774683 0.6139479044501428 26.174475839337983 -4.93413664740205 2.5486713945738053 0.10991305586076193
Dust 3.4062705500372523 4.02334342073421 3.0584789308784663 24.796401523977806 1.6793189641935753 1.2097527750607193 0.10991305586076193
Dust 1.7070870399475098 1.4535675048828125 1.4261302947998047 5.38490104675293 9.055835723876953 0.5310244560241699 0.0
Dust 1.8531999588012695 2.703763961791992 2.861297607421875 9.891965866088867 2.0072240829467773 0.14698898792266846 0.0
Dust 1.7239799499511719 3.007430076599121 8.022589683532715 7.67339563369751 -1.6492390632629395 -0.0034050047397613525 0.0
Dust 0.791754961013794 1.0473177433013916 0.4931526184082031 26.15778636932373 -4.965387940406799 2.5691195726394653 0.0
Dust 2.814250946044922 3.6402289867401123 2.746562957763672 24.744979858398438 1.7409025430679321 1.3569965362548828 0.0
Dust 2.4285449981689453 3.698888063430786 4.760612487792969 15.86839485168457 -0.10959899425506592 0.3435945212841034 0.0
Dust 0.45421302318573 0.4540700912475586 0.6128921508789062 22.937835693359375 -2.5838310718536377 1.721240520477295 0.0
Dust 1.3883579969406128 1.6378240585327148 1.971099853515625 20.758581161499023 -0.003456979990005493 0.34487301111221313 0.0
Dust 0.5067999958992004 0.6154031753540039 0.9186058044433594 8.477522850036621 9.110345840454102 -0.04648300260305405 0.0