Obstacle 1.6106540300303882 1.8207146250625776 1.1547046816257407 23.888770466663573 3.683415044716412 4.435839292426043 0.06108652381980153
Obstacle 2.2369960325165605 0.6957162126375618 0.9023948256442363 25.93216449940155 2.33349195328924 4.779571838342963 0.14973951214039213
Obstacle 1.3668261274141653 0.6395137030788737 0.7234412818431987 25.98757294859388 3.30453535859192 4.404344697625743 -0.07351985028417747
Obstacle 1.6232964294080392 1.6282915429737 1.0405152301536835 29.240997323287047 1.6047348655220048 4.1432282050909865 -0.008726646259971679
Obstacle 2.44413196284301 0.886352488199028 0.75780651468449 22.311421360494023 -10.262002840624632 3.3160420022344934 1.387536755335492
Obstacle 2.4758742347938547 1.4924110630752825 1.3894497227150424 28.11949819383244 -8.186266422833228 3.7783478078259773 -2.2252947962927703
Obstacle 2.037829527216638 0.6566545393394909 0.6576387193295047 22.34626153429508 -35.13409659789602 3.5116659085004938 2.2776546738526
Obstacle 2.756317344592272 1.5295568640581014 1.4996211783346531 39.515537786449386 7.662688146448886 7.8198984980214945 -0.07853981633974527
Obstacle 2.8484206491154955 3.931694356287743 1.4991822725835482 50.55803114616083 -15.854839086966422 7.282379527585274 -0.02808997619246222
Obstacle 3.5600973650472363 2.235646235030888 1.4016338342955283 83.28713541358275 -7.350679714506896 6.1787296026337 -0.05333481376864286
Dust 1.8282714049523132 3.017071656452095 3.356074735755941 12.982738286764409 -2.824547929395675 2.0753012531354122 -0.17321391316112547
Dust 0.7865121364593506 0.6760451793670654 1.7435836791992188 13.123882293701172 -2.8094663619995117 2.285076141357422 0.0