Dust 1.5823125602377637 2.87056146139176 4.243184258179104 2.589246472432004 -1.5085821961268764 0.14946516958762215 -0.03968335932273277
Car 1.9753542444797345 2.9191262103202233 4.034228573758008 90.91717300222145 25.48501524023117 5.057226165771047 1.0383537246014158
Obstacle 13.908468312896431 4.488626865603491 4.3036078667227935 124.47317511375338 23.67961443881037 16.08502046503806 0.23561944901923565
Obstacle 8.215500548691228 1.6545265300175052 2.3020340201348306 97.21226828453496 8.795522988107678 8.644820784009614 1.2266575916589473
Obstacle 3.2861855113394 1.7954664296021057 1.189975153206882 92.19850323169715 1.170256026431268 5.459958954349988 -0.5021651785753525
Obstacle 14.373337726024314 1.8158566050655192 2.3584860215875025 91.85502953485526 4.038556389035332 9.22580523432144 -0.7870760347269634
Obstacle 10.356467004382635 1.9381649313073104 1.6473293008315424 57.20775844608384 6.643552077002142 7.482432552559121 0.008629470601046615
Obstacle 6.119620380540697 1.0162233016913509 1.5586041347221167 34.37463698671128 -13.281585384149855 3.7029991545842122 -0.0012762865089130644
Obstacle 3.9484372464956996 2.117777633529872 2.5260335563009653 17.579454427648532 9.193546823873005 1.9786656256346538 -0.04785750250564133
Obstacle 4.509421283314993 1.3945038618202257 4.695894514934227 39.39298156348278 15.030016843221254 5.155855132767267 1.0210176124166832
Obstacle 5.433276546819055 1.1807408083832311 2.2612223381908807 21.694300683809907 -25.918895553488937 1.8867383249888021 -0.05211139151719779
Obstacle 2.503576494922217 1.9105668139427374 2.51486156814855 8.494489736915874 9.727130923586294 0.8638084119278022 -0.03490658503988645
Obstacle 11.694949963355542 3.593811471462462 4.282653531552811 85.1924303942955 6.907205513693997 9.579976615750656 -0.1442406534307377
Obstacle 6.7905553586237355 1.8340132898224413 2.2619383759708116 83.17164481869357 4.119184017341631 6.57323487419738 -0.10025151201905225
Dust 1.2014249861240387 1.1382828950881958 2.3079739212989807 2.6675650775432587 -2.339672565460205 -0.19619448482990265 0.0
Dust 0.3360750079154968 0.5545120239257812 0.830583930015564 2.4019908905029297 -0.36074697971343994 0.20595049858093262 0.0