Engineering 6.812691115700722 4.706715934760899 13.99479604336956 150.81938962447933 12.12631998377967 9.949788296919936 2.945980693906323
Engineering 7.098487156236784 4.706715934760899 13.886111521911927 153.13684538489179 18.46049310122041 8.667703457533902 2.990480727834301
Engineering 7.242140679633119 4.706715934760899 13.455150951722919 155.2663922671495 26.767267758517065 8.746524573096153 3.028553173870053
Engineering 7.242140679633119 4.706715934760899 13.455150951722919 158.18333296273568 33.698912167334356 9.981408147430756 2.8870408621818493
Dust 1.4464764622932973 2.3837304792595178 2.3490149079616796 2.797371114539601 0.5692496249838541 0.0517227188074971 0.02617993877991501
Car 2.140469828339093 1.981120638778308 4.695937185276229 23.564585145910105 39.54462230321906 -0.4130281057885897 0.026179938779914935
Car 2.140469828339093 1.981120638778308 4.695937185276229 23.775555343265296 33.1372118822153 -0.4734719942010849 0.026179938779914935
Car 2.140469828339093 1.981120638778308 4.695937185276229 23.023959439153522 25.132343796040118 -0.3133965272198724 -2.9146998508305297
Obstacle 1.8423145004069863 1.1725002721666187 0.7067287219434133 24.553380810240707 29.137768646355713 -0.1831461244849798 0.1308996938995747
Stone 0.6106132201127292 1.039930251470253 0.9340070425246841 27.78028297333549 12.322750748748945 -0.16570718682517122 -0.3082763543056926
Dust 0.5988309979438782 1.2343380451202393 0.258314847946167 2.140930652618408 0.13670697808265686 -0.19453948736190796 0.0