Dust 1.5177834260691925 1.4031275776306091 2.9961820210936487 1.613630257824748 0.010450279457562184 0.03852747410312302 -0.03968335932273277
Car 1.9753542444797345 2.9191262103202233 4.034228573758008 46.70407450605671 29.777143775721015 2.6034375603203976 1.1918901541525322
Obstacle 10.059041122598408 3.6331986010928192 4.3036078667227935 81.11224718389849 29.064965081958235 10.69492411998401 0.23561944901923565
Obstacle 8.215500548691228 1.6545265300175052 2.3020340201348306 53.74215243544427 13.09407399291911 5.3709125957793615 0.8115781021773615
Obstacle 6.220051545303821 1.5187307860444599 7.896358926266919 46.61385170227804 7.6797428915959625 4.839838859567873 -0.547603662155725
Obstacle 9.635149119995582 1.8158566050655192 2.3584860215875025 48.7356438182261 8.45516967835019 6.1700223040870155 -0.560826152107709
Obstacle 2.0392424180073516 1.1025239308403774 1.0973297516631744 38.11861237281407 5.480213866054003 2.102887061765915 -0.016391446989808264
Obstacle 6.603041410446167 1.9381649313073104 1.6473293008315424 13.827208939980784 8.980176013601533 2.764337101451579 0.008629470601046615
Obstacle 5.916693598966072 1.608407088660617 8.876095349724244 17.396292535341672 -11.993739511004605 2.4974471490849997 -0.16971447949565896
Obstacle 0.9539163240443616 1.690598688964572 1.6444161499177008 18.27137521285515 -10.363303039146826 0.25561241902670584 -0.13257279347881926
Obstacle 7.190850618896131 4.26296574845521 2.1864547623593653 41.26484838614736 11.891281042568767 4.829228083789319 -0.1442406534307377
Obstacle 6.7905553586237355 2.150895148930214 4.7870080864670825 41.45765845537645 7.966989669716384 4.323535681116219 -0.17692631990033683
Dust 1.0353829860687256 0.932075023651123 0.9457521438598633 2.454437017440796 0.05487050116062164 -0.11413049697875977 0.0
Dust 0.2070630043745041 0.38254502415657043 0.2624789774417877 0.5648375153541565 -0.4229605197906494 -0.042943499982357025 0.0