Dust 1.160930094118843 1.8124896621066586 5.103936656638892 2.439228423358542 -0.25761088096387985 -0.06452382868538876 -0.03968335932273277
Car 1.9753542444797345 2.9191262103202233 4.034228573758008 22.26090255817402 31.443887201635143 1.515353462698601 1.0871703990328725
Obstacle 8.673599226582922 3.6331986010928192 4.3036078667227935 56.0092218969512 32.23103056541095 8.680926229859484 0.23561944901923565
Obstacle 8.723229854041303 1.749018636006081 2.401253078736464 68.08731142574379 -4.390546408871387 8.267010305927247 -0.519816836015524
Obstacle 8.791590694828615 1.9548418899504787 1.4097388291350297 107.31665326200553 -15.644815144525879 12.627858601148116 -0.5922389535050571
Obstacle 6.461677421127828 4.2048183968618185 4.617363259400573 29.60338009272766 15.646675023329927 3.839717465096057 0.6270983290744345
Obstacle 4.267899579847684 2.684106150005894 6.333653006039078 23.98735377867347 7.533411557157892 2.6373483162476066 -0.4402507223613613
Obstacle 4.7850694864574095 1.7717179687442557 2.2053378450964 24.844844547195862 9.924644619122773 2.7505274525384227 -0.442161571250878
Obstacle 2.0392424180073516 1.1025239308403774 1.0973297516631744 14.323132456360781 6.793470553944189 1.0020937800036451 -0.01639144698980829
Obstacle 5.1480870691716305 3.9558080208616224 4.194471795994285 18.545012589116833 12.966253775471493 2.461054067959939 -0.1442406534307377
Obstacle 4.881550967747488 2.150895148930214 3.7198672287534773 17.011644082297288 9.090833394269428 2.094939007706225 -0.17692631990033683
Dust 0.6229829788208008 0.6810029745101929 0.5390069484710693 2.241196632385254 0.010969504714012146 -0.22891150414943695 0.0
Dust 0.04127800464630127 0.31398600339889526 0.11937201023101807 0.5615109801292419 -0.35984501242637634 -0.09592200070619583 0.0
Dust 0.1874139904975891 0.4015029966831207 0.9328322410583496 4.494437217712402 0.28281450271606445 -0.5467640161514282 0.0