Dust 3.4468149587867414 5.513943189377653 11.703817579603168 6.7254061353378605 -0.04230905557967735 1.6667895625376599 0.05490607422844603
Obstacle 1.6106540300303882 1.8207146250625776 1.1547046816257407 23.888483556173696 3.655345173281603 4.435839292426043 0.06108652381980153
Obstacle 2.2369960325165605 0.6957162126375618 0.9023948256442363 25.93276975952176 2.321593903192479 4.779571838342963 0.14973951214039213
Obstacle 1.3668261274141653 0.6474958194188943 0.7234412818431987 25.987866106331694 3.308515635448657 4.404344697625743 -0.07351985028417744
Obstacle 1.6232964294080392 1.6282915429737 1.0405152301536835 29.240815137721256 1.5838584674788763 4.1432282050909865 -0.008726646259971679
Obstacle 2.44413196284301 0.886352488199028 0.75780651468449 22.300133650314592 -10.249740484542599 3.3160420022344934 1.387536755335492
Obstacle 2.4758742347938547 1.4924110630752825 1.3894497227150424 28.120333302611698 -8.186907224337574 3.7783478078259773 -2.2252947962927703
Obstacle 2.037829527216638 0.6566545393394909 0.6576387193295047 22.342787596954622 -35.13828303119635 3.5127384503569234 2.2776546738526
Obstacle 2.756317344592272 1.5295568640581014 1.4996211783346531 39.51557514792353 7.66316286898882 7.8180609531251 -0.07853981633974527
Obstacle 2.8484206491154955 3.931694356287743 1.4991822725835482 50.5580311461606 -15.854839086966422 7.282379527585274 -0.02808997619246222
Obstacle 3.5600973650472363 2.235646235030888 1.4016338342955283 83.2665747700803 -7.350145175275429 6.1787296026337 -0.05333481376864286
Dust 0.5807290077209473 1.7092280387878418 2.851367235183716 4.6887006759643555 -0.1783829927444458 0.6400434970855713 0.0
Dust 0.13855701684951782 0.6647079586982727 0.37981998920440674 1.7783329486846924 1.0168520212173462 0.3913004994392395 0.0
Dust 0.050746917724609375 0.08824801445007324 0.2479114532470703 11.771502494812012 -2.2681188583374023 2.139735460281372 0.0
Dust 0.13336896896362305 0.143449068069458 0.29352474212646484 8.331058502197266 -1.360669493675232 1.3567014932632446 0.0