Obstacle 3.008060117485965 1.126859405143541 1 95.1258397067498 -12.976001921298808 2.086382033662504 2.7655564929302705
Obstacle 7.089172050508517 2.4182779998949293 1.774097272591623 93.21069589158458 0.45748004189340463 3.5440546549481526 -2.963981087363935
Obstacle 2.912922834453727 1 2.938375381231155 55.46556978847676 3.2334607672515796 1.3933344599794073 3.069444999852298
Obstacle 3.100612419220118 1.2469822704680298 0.9180825708453616 43.10636676518974 3.52567619752477 1.319710184783042 2.876865409093197
Obstacle 3.203631857778943 1 2.0893552357864498 51.225778493880654 -7.624100854306635 1.722673444828511 2.999562326573974
Obstacle 2.9935596758830285 1.025314797378317 0.7924342653104324 38.452233212058694 -6.551973535569661 1.4463649182693077 2.978855405551658
Dust 0.9746266251002723 3.4470339764083735 5.166630047680629 2.92533532419956 0.9029410499968683 -0.22370830805367506 -0.01837781145461781
Dust 1.3151099979877472 0.6575029790401459 1.8311212062835693 4.518614649772644 -0.261305496096611 -0.052931979298591614 0.0
Dust 0.02056000381708145 0.037117987871170044 0.05383801460266113 0.5509539842605591 -0.3901439905166626 -0.09095899760723114 0.0
Dust 0.23198097944259644 0.4040899872779846 0.6008129119873047 3.771514415740967 1.0462570190429688 -0.5911275148391724 0.0
Dust 0.4109569787979126 2.826378107070923 1.284891963005066 2.1852309703826904 0.91429603099823 -0.4268004894256592 0.0