Dust 1.2631901293279961 3.0385146320860428 2.4387011448313856 2.705220347650021 0.5418750112787198 0.012477167167244951 -0.03968335932273277
Obstacle 14.373337726024314 1.8158566050655192 2.3584860215875025 120.16437826099052 7.399578600261833 4.772111620689479 -0.9386365103281308
Obstacle 13.727033572182219 3.035531339256439 2.0112638382369337 85.43704333407732 9.147680815119202 10.010484127785052 0.008629470601046615
Obstacle 10.879998852699634 1.3155481165550775 2.1358991264070806 63.26892738648442 -12.463122329374164 6.800660218644637 -0.0012762865089130644
Obstacle 7.737129528823745 2.117777633529872 1.8012345054185475 45.05674014012381 10.16204948650881 5.512318380616652 -0.04785750250564133
Obstacle 8.039064084734845 1.3945038618202257 3.3319648910156334 66.43226969249736 15.057350284395852 7.056980299512105 1.0210176124166832
Obstacle 5.685113196542011 2.2583774377064896 5.387290306001303 37.51277129990548 10.18974563967537 3.976704920054863 -0.03490658503988645
Obstacle 5.0899909198750635 1.3708730747557765 1.5225395428545727 36.131325582471376 -24.026071019313502 2.018146398405555 -0.057171476394814125
Obstacle 6.0017234933915615 1.9266081931839167 2.1571847025233737 33.51810923926632 -29.17760975127476 3.0946272965604917 -0.005161551994509184
Stone 0.5009891596227476 0.8599919786755786 0.8648529267110905 24.468373126936967 -16.074312161219495 0.24967578774857624 -0.03329073351668447
Stone 0.5456804691721068 0.6304720868513185 0.7615276547610477 14.408603840717365 -22.496340328118464 -0.52296966955837 -0.13089969389957457
Stone 0.441943672459647 1.0380432722594737 0.7049440434580463 14.86798358722449 -18.774201495339682 -0.3575113881023851 -0.0788602698060681
Obstacle 11.981065582265465 2.8810260107772447 3.443632659349393 112.51195795979311 10.917771877607265 9.146153063028626 -0.02433832023575214
Obstacle 6.7905553586237355 2.3751606911084724 2.880750977951888 111.76372187232255 7.765570693948121 6.490128379296067 -0.014178519304677397
Dust 1.0612059831619263 1.5233620405197144 0.9812880754470825 2.2143471240997314 1.0851430892944336 -0.08794800937175751 0.0
Dust 0.05518698692321777 0.13745898008346558 0.5348210334777832 3.4088385105133057 -0.7887895107269287 0.3319374918937683 0.0