Obstacle 1.6106540300303882 1.8207146250625776 1.1547046816257407 23.88905737715322 3.711484916151221 4.435839292426043 0.06108652381980153
Obstacle 2.2369960325165605 0.6957162126375618 0.9023948256442363 25.931559239280887 2.3453900033857735 4.779571838342963 0.14973951214039213
Obstacle 1.3668261274141653 0.6315315867388529 0.7234412818431987 25.98727979085561 3.3005550817350695 4.404344697625743 -0.07351985028417743
Obstacle 1.6232964294080392 1.6282915429737 1.0405152301536835 29.241179508852383 1.625611263564906 4.1432282050909865 -0.008726646259971679
Obstacle 2.44413196284301 0.886352488199028 0.75780651468449 22.322709070673227 -10.274265196706892 3.3160420022344934 1.387536755335492
Obstacle 2.4758742347938547 1.4924110630752825 1.3894497227150424 28.118663085053413 -8.185625621328995 3.7783478078259773 -2.2252947962927703
Obstacle 2.037829527216638 0.6566545393394909 0.6576387193295047 22.34973547163554 -35.12991016459546 3.510593366644064 2.2776546738526
Obstacle 2.756317344592272 1.5295568640581014 1.4996211783346531 39.515500424975016 7.662213423909066 7.821736042917889 -0.07853981633974527
Obstacle 2.8484206491154955 3.931694356287743 1.4991822725835482 50.55803114616083 -15.854839086966422 7.282379527585274 -0.02808997619246222
Obstacle 3.5600973650472363 2.235646235030888 1.4016338342955283 83.3076960570852 -7.351214253738249 6.1787296026337 -0.05333481376864286
Dust 2.139909216285644 1.6484358716770369 2.9774224660236523 16.77698139547709 -2.983182102422595 2.5303086614130836 -2.958333082130389
Dust 0.6271219253540039 1.1792020797729492 1.1221246719360352 16.293888092041016 -3.205734968185425 2.7761759757995605 0.0
Dust 0.19372299313545227 0.7687349915504456 0.6587790250778198 2.3274364471435547 -0.05352449417114258 0.3170744776725769 0.0