Stone 0.8326129267452038 0.6700645093887667 0.7121032150220267 32.86980654849731 -0.6694952663190473 -0.615743963372601 -0.0052797826782207125
Stone 0.9718880754802349 0.5678510990372211 0.5377247577705351 63.817567018976206 -8.427432575177022 -0.4533182383074088 1.2092440145163046
Car 1.6815105110505055 2.1862472639506825 4.456880397609242 13.213817976769342 -2.086911643430309 -0.053341550584731626 -2.961912336458317
Dust 2.2671497587499947 3.6506300002363687 5.354850835449005 7.290437735918772 8.357738786971257 0.5691074369282558 0.1308996938995747
Dust 2.1212655840248895 2.853322020931758 7.956354877751388 9.591645466811958 1.533701509912467 0.4826843876674257 0.1395212406016562
Dust 1.9303640127182007 2.7387185137465107 3.75627176839968 17.17659051952472 0.044104181024033906 0.04159897089004515 0.3383890629095952
Dust 3.8553659915924072 11.131079399263813 6.48312439326271 24.831900223327086 -2.5235304085515993 1.2462719511985771 0.17914558688304313
Dust 1.982869029045105 3.3864009380340576 2.855397939682007 6.043784976005554 8.340110659599304 0.6575765013694763 0.0
Dust 1.7222649455070496 2.3286490440368652 6.030002117156982 9.319211959838867 1.5732505321502686 0.4929024875164032 0.0
Dust 3.3427408933639526 3.34264600276947 5.778826713562012 24.007429599761963 0.7956830263137817 1.155601441860199 0.0
Dust 1.4303339719772339 1.1666131019592285 1.4340763092041016 27.639690399169922 -6.018902778625488 1.9816088676452637 0.0
Dust 0.6299710273742676 0.6836724281311035 1.1592321395874023 9.494691848754883 7.817408561706543 0.004016503691673279 0.0
Dust 0.482685923576355 1.088129997253418 1.480215072631836 23.217567443847656 -3.341114044189453 1.4048230648040771 0.0
Dust 0.13410699367523193 0.2569868564605713 0.24297142028808594 25.206199645996094 -2.3399243354797363 1.3766283988952637 0.0
Dust 1.8070709705352783 1.0793739557266235 1.7904977798461914 16.407909393310547 0.7451279759407043 -0.016754508018493652 0.0
Dust 0.6056020259857178 0.5745069980621338 1.2000694274902344 17.843183517456055 -0.8148084878921509 0.3699769973754883 0.0
Dust 0.09658899903297424 0.05279695987701416 0.17068862915039062 15.706262588500977 -0.7020685076713562 -0.3048744797706604 0.0
Dust 0.35281699895858765 1.221890926361084 0.683074951171875 18.461694717407227 1.185436487197876 -0.7078285217285156 0.0