Dust 1.1791025106146655 1.4031275776306091 4.373127597882201 2.484714776973003 -0.24559761995670631 -0.03564236000057358 -0.03968335932273277
Car 1.9753542444797345 2.9191262103202233 4.034228573758008 56.94894749505643 28.729833310858048 3.5580023032205266 1.244250031712362
Obstacle 10.059041122598408 3.6331986010928192 4.3036078667227935 91.07868791602283 27.349350750370494 11.750151930355356 0.23561944901923565
Obstacle 8.215500548691228 1.6545265300175052 2.3020340201348306 63.987860705873516 11.720431733490278 7.7179263904926465 0.903817988728825
Obstacle 8.968722882198943 1.8814995809800446 6.616616301761281 57.13918612844712 5.626135887186397 6.912869080416447 -0.53411252559232
Obstacle 10.573848147787421 1.8158566050655192 2.3584860215875025 58.47631969187387 7.117634036521849 7.1359038138811375 -0.610255479858935
Obstacle 2.0392424180073516 1.1025239308403774 1.0973297516631744 47.990525860116726 4.537406776628521 3.31520433642782 -0.016391446989808264
Obstacle 6.603041410446167 1.9381649313073104 1.6473293008315424 23.584050906165686 8.402249513209654 3.546298956198706 0.008629470601046615
Obstacle 5.812734925269823 1.608407088660617 2.8874362991801137 27.755656239940986 -12.763884334727194 3.2911994159164726 -0.16971447949565902
Obstacle 0.9539163240443616 1.690598688964572 1.6444161499177008 27.366481345576936 -10.530652708009852 1.038333061582517 -0.13257279347881926
Obstacle 9.074549844190551 5.288658707969488 5.034256605397078 52.257652626216945 10.404365831148338 6.581945202287615 -0.1442406534307377
Obstacle 6.7905553586237355 2.150895148930214 4.7870080864670825 51.162014294547134 7.049636083235782 5.424847872221957 -0.17692631990033683
Dust 1.1086750030517578 0.9571720361709595 2.6843342781066895 3.301625967025757 -0.14338600635528564 -0.07076849043369293 0.0
Dust 0.1716110110282898 0.041723012924194336 0.11372566223144531 11.334440231323242 0.43636250495910645 0.663414478302002 0.0
Dust 0.12552599608898163 0.32090097665786743 0.29675498604774475 0.6413995027542114 -0.530490517616272 -0.11942700296640396 0.0