Stone 0.8326129267452038 0.6700645093887667 0.7121032150220267 32.890569680183475 -0.7524631898999297 -0.5994002133725993 -0.0052797826782207125
Stone 0.9718880754802349 0.5678510990372211 0.5377247577705351 63.858450971409184 -8.563711969352426 -0.4533182383074088 1.2092440145163046
Car 1.6815105110505055 2.1862472639506825 4.456880397609242 20.44488648798962 -4.249391284899098 -0.09643633668975266 2.895093655559508
Dust 4.982243919942713 7.722253214119625 8.340933813140072 26.451029792161883 2.25565888175869 1.1898273412422147 -0.12833716740437648
Dust 2.270362635104821 2.117989553118293 1.4848924991608223 31.852192039482222 -3.690193611322256 0.8476727243083734 1.0683066883861234
Dust 3.467589241529152 8.41719687939857 6.24547689773271 13.225227318806933 2.248695381827393 1.042752488300235 -0.21718683154075655
Dust 2.2793566195952057 3.0234363841027783 3.323538037457607 6.487545197725566 4.273121802653483 0.6184922804393759 -0.21718683154075655
Dust 1.7696380615234375 2.037586212158203 2.5846619606018066 6.320584297180176 4.274105072021484 0.5689029693603516 0.0
Dust 2.9035120010375977 5.474170029163361 5.024118423461914 13.139693260192871 3.708824962377548 1.071610927581787 0.0
Dust 3.9858859181404114 5.05602502822876 4.454141616821289 27.242145538330078 1.6198503971099854 0.9698749482631683 0.0
Dust 0.6633539199829102 0.2910804748535156 0.6803874969482422 25.25678253173828 4.936728000640869 2.355360984802246 0.0
Dust 0.44240105152130127 0.2208850383758545 0.7145347595214844 13.842596054077148 -1.637365460395813 0.8578525185585022 0.0
Dust 0.34996497631073 0.25679826736450195 0.12804412841796875 32.627986907958984 -3.937812089920044 1.687375545501709 0.0
Dust 1.582593034952879 0.9972240924835205 0.7101259231567383 31.432642459869385 -3.497836947441101 0.5829795245081186 0.0
Dust 0.2934979796409607 0.05190300941467285 0.23353004455566406 22.96689224243164 3.3688082695007324 0.6556899547576904 0.0
Dust 0.18620899319648743 0.10618901252746582 0.30438995361328125 15.153056144714355 -0.7028005123138428 -0.045933499932289124 0.0