Car 1.9753542444797345 2.9191262103202233 4.034228573758008 36.544062392998846 30.432614698246343 2.1482574134723507 1.1460752612876812
Obstacle 10.059041122598408 3.6331986010928192 4.3036078667227935 71.1412580852296 30.71704504516967 9.76586225278103 0.23561944901923565
Obstacle 8.723229854041303 1.749018636006081 2.401253078736464 81.20464810636345 -5.7041788223448 8.836703796853232 -0.6018350459585731
Obstacle 6.944607064363814 1.402715927021519 3.469762023897138 44.660703305726535 14.190561224829437 5.396339210871661 0.811578102177362
Obstacle 4.79192940644314 1.8711312731916223 7.293455800754689 37.23257392664822 7.824504610812883 3.724020843191858 -0.5203704495059285
Obstacle 5.642752223182464 1.8158566050655192 2.2053378450964 39.107166334739915 8.973949568126523 3.7845667767288145 -0.525577624528937
Obstacle 2.0392424180073516 1.1025239308403774 1.0973297516631744 28.241890943033372 6.1297270275958065 1.815026349934008 -0.01639144698980829
Obstacle 6.603041410446167 1.9381649313073104 1.6473293008315424 4.973279729238716 9.47089082915852 2.6784837227404696 0.008629470601046615
Obstacle 5.916693598966072 1.608407088660617 4.854837460623255 9.829670739610432 -11.695403205251782 2.2016124691366956 -0.16971447949565888
Obstacle 0.9539163240443616 1.690598688964572 1.6444161499177008 8.768969883388692 -9.814350808199862 0.15151372709948205 -0.13257279347881926
Obstacle 5.802490202816935 4.089518445156887 2.072267735827306 31.277948813609445 12.588615505211674 3.575675192659064 -0.1442406534307377
Obstacle 5.716740388755846 2.150895148930214 4.316431100902305 31.69321413473569 8.562173287772351 3.3075834876471277 -0.17692631990033683
Dust 0.4851679756940742 0.6444897230793672 0.39974189858260084 1.921265687220817 0.4833158255459148 -0.34885681835993193 -0.03968335932273277
Dust 0.06444600224494934 0.2228899896144867 0.1448359489440918 1.8872690200805664 0.5345659852027893 -0.4096180200576782 0.0