Obstacle 3.558842206175297 1.0917100819740118 0.5512430480888416 77.23535346458394 11.713066851730376 6.276402016696842 -0.8886221942558661
Obstacle 2.83368394272163 1.3512790660562701 0.7293813066330173 62.44862145327171 -9.438037399023711 5.8344456188115625 -0.12475206483096096
Engineering 6.30497763784142 4.979745856611955 13.992697405403131 14.497507732832673 14.069510660080027 1.552215728270259 2.4186780377611345
Engineering 6.30497763784142 4.979745856611955 13.992697405403131 19.286942118531897 18.04258952485702 1.4769536492420565 2.419439682196595
Engineering 6.30497763784142 4.979745856611955 13.992697405403131 24.42111778639537 24.70582451935752 1.3362596206896662 2.415176830415633
Engineering 7.294025969223237 5.791922626336213 13.992697405403131 30.0311855104801 30.841551747406356 1.7799681614670178 2.2247834619598423
Pedestrian 2.0311062168915144 0.9929194472982206 0.7751175167583682 36.43578064699622 -36.92607290345579 -1.0074911666429174 -0.5422471348383989
Pedestrian 1.979892384413157 1.1009532435020004 0.7751175167583682 37.28835782333721 -38.76741278633747 -1.121769205360698 2.122346151958042
Pedestrian 1.8741307331082369 1.1890879529227671 0.7751175167583682 36.07720790311308 -38.645127546029414 -1.1873627199592114 -0.8771910885488349
Obstacle 1.3193127307854864 3.1713738680820196 1.4809267481741673 39.525425301929346 -35.98576242560631 -1.3676129377225086 -0.40441545259794137
