Obstacle 3.558842206175297 1.0917100819740118 0.5512430480888416 73.47665586187449 10.013369494939296 5.969570922948938 -0.8886221942558661
Obstacle 2.83368394272163 1.3470041692603498 0.7208315130411764 58.30685494163407 -10.711164919435877 5.293234541824015 -0.05244484522099059
Engineering 6.30497763784142 4.979745856611955 13.992697405403131 11.263299358468366 13.722502461066934 1.4015436381837116 2.411864366400322
Engineering 6.30497763784142 4.979745856611955 13.992697405403131 16.05346991722742 17.83085838432201 1.345654686510712 2.409243265972931
Engineering 6.30497763784142 4.979745856611955 13.992697405403131 21.2468546030478 24.323322781050585 0.9001903917064611 2.3894227736566807
Engineering 7.294025969223237 5.558454402250689 13.992697405403131 26.823193974125104 30.393808032201125 1.5520641950377219 2.206241872558884
Pedestrian 1.9518825909313264 0.9929194472982206 0.7751175167583682 31.538366989879894 -37.541938262227 -1.584411895806216 -0.7466655920511752
Pedestrian 2.0504001519497703 1.1009532435020004 0.7751175167583682 32.47471770967178 -39.4666021559284 -1.7029852963828365 2.1689470043097057
Pedestrian 1.8741307331082369 1.2478444258699448 0.7751175167583682 31.316195769884654 -39.211946776211725 -1.7644182171764244 -0.9558396645030359
Obstacle 1.3193127307854864 3.1399718711966003 1.4913940804693069 34.902334847440095 -36.60352174635489 -1.8107909454999154 -0.47564004696327217
