Engineering 6.812691115700722 4.706715934760899 13.99479604336956 153.31380210118664 13.461548415297935 9.290380454486977 2.9832373560204872
Engineering 7.098487156236784 4.706715934760899 13.886111521911927 155.8883664256964 19.829835512053663 7.990584534070979 3.0179612617273355
Engineering 7.242140679633119 4.706715934760899 13.455150951722919 157.17013215860712 28.330113141269177 7.898253971099152 3.0319836269202
Engineering 7.242140679633119 4.706715934760899 13.455150951722919 159.78196038716524 35.69636097598961 8.829394100764759 2.934701140554198
Dust 1.4464764622932973 2.3837304792595178 2.3490149079616796 3.1072734478339044 0.7205686456119338 0.024468049391442433 0.026179938779915018
Car 2.140469828339093 1.981120638778308 4.695937185276229 24.790458638416464 39.6594098339872 -0.11819813693976744 0.02617993877991494
Car 2.140469828339093 1.981120638778308 4.695937185276229 25.903457727083854 33.3376350485142 -0.19750102441976253 0.02617993877991494
Car 2.140469828339093 1.981120638778308 4.695937185276229 25.294225904979744 25.316491319786504 -0.20108180957185418 -2.9146998508305297
Obstacle 1.8423145004069863 1.1725002721666187 0.7067287219434133 27.01623210835871 29.110431056708876 0.3771183743156502 0.1308996938995747
Stone 0.6106132201127292 1.039930251470253 0.9340070425246841 30.128160939067346 12.537648613998687 -0.150606457422656 -0.3082763543056926
Dust 0.7232149839401245 0.7853080034255981 1.2044670581817627 2.5911364555358887 -0.21499401330947876 -0.3188624978065491 0.0