Obstacle 7.052613646304049 1.010024365444297 1.567092626585715 70.10220562131771 -8.289311367189008 7.44590077011246 3.1211378393800935
Obstacle 2.161067328789727 1.0341578073032145 0.9975014697663682 36.89101251262539 -10.124049267847814 2.5315950581300273 -3.058421499454692
Obstacle 7.408518978965444 1.3506788628806834 1.8931035145048511 23.051316317352313 -9.625914822542528 3.5550912903200302 -3.065682489177875
Obstacle 2.620942286544578 1.1558547481809602 1.3167114360527163 9.464505045261765 -9.95256732299325 1.155355718594186 -3.0892327760299634
Obstacle 6.616081160705921 2.400224826174287 1.9158803682519445 15.629375742199954 -15.328758132313888 4.457985649915474 3.0764941221896036
Obstacle 3.0902386289174624 1.093403307546876 1.0310230070933761 102.31075347868955 10.161492881345243 6.349785393648247 -3.1194387072585643
Obstacle 2.189866516716759 2.514346429631228 0.9015420972647332 37.17449812813192 8.715103708929533 1.8266586239686848 -3.0555643678728366
Obstacle 5.284176957595591 1.0278485311699306 1.085399694299715 20.576447040145716 10.043338141680998 2.77193043029658 3.1247590270594157
Obstacle 1.4102471956304896 0.5360853258764131 11.368607151043117 1.3812942699081265 11.426565986818616 -0.19522555990478385 -3.1066860685499065
Obstacle 5.670000817030825 1 1 84.61107799214959 15.452880577045514 13.5426193781556 3.0912632427083357
Dust 0.4807671415049445 1.360438556165549 1.7176001422757992 3.122671931995955 1.6436077144686185 -0.49005775389924955 -3.1239875263699872
Stone 0.9744478682817689 1.5104860651792846 1.3660706701179315 21.856878425592704 -17.92627213384398 3.126276630604063 2.6974420948252837
Dust 0.39572498202323914 0.8110220432281494 1.2184090614318848 3.176079511642456 1.5418620109558105 -0.6146994829177856 0.0