Stone 0.8326129267452038 0.6700645093887667 0.7121032150220267 33.05039568683078 -0.7604500010238553 -0.6006215675392661 -0.0052797826782207125
Stone 0.9718880754802349 0.5678510990372211 0.5377247577705351 63.856241254078725 -8.564284432070963 -0.4533182383074088 1.2092440145163046
Car 1.6815105110505055 2.1862472639506825 4.456880397609242 11.599032520993873 -0.08275890270488162 0.016962415216425386 2.644506761324555
Dust 3.005885473154139 4.143249455753328 8.431685647635044 13.120156945267556 4.14864244910927 1.2170088867655162 -0.5073808249702417
Dust 1.2020009756088257 0.539805556363337 1.9114416707702615 11.614893930167332 -1.6676521760115357 -0.24034148693084714 -0.49205911225845256
Dust 2.0891346506289614 2.1983604033235196 5.461039914759309 16.740123502205826 -3.1417025416851754 0.32554152400954844 -0.32425432904936513
Dust 2.9398531317710876 2.2350186001561947 7.0488466397475 22.679301542141754 -3.323021027829179 0.554625540971756 0.07529234345001279
Dust 0.17322897911071777 0.21055360966079073 0.031678735567950866 29.001415252685547 -1.4691390395164483 1.760864496231079 0.07529234345001279
Dust 4.660517930984497 4.492012886210718 10.086676079417314 26.13846846953197 2.503593365550321 1.976289713382721 -0.5900850021661013
Dust 0.09735107421875 0.15159893035888672 0.2336874008178711 10.296960830688477 7.084085464477539 2.4023425579071045 0.0
Dust 2.6101231575012207 3.1054710149765015 3.6397581100463867 12.251566410064697 3.928979456424713 0.9686465263366699 0.0
Dust 0.20416593551635742 0.11386823654174805 0.1863718032836914 11.949548721313477 6.438259124755859 2.37460994720459 0.0
Dust 3.8403050899505615 4.805227279663086 4.353626251220703 24.779586791992188 3.8173255920410156 1.6873184442520142 0.0
Dust 2.6405539512634277 2.3682777881622314 7.113018989562988 17.905397415161133 -3.2789931297302246 0.6322619915008545 0.0
Dust 0.7664130926132202 0.9439480304718018 0.8088531494140625 23.63774299621582 -2.966444969177246 1.641345500946045 0.0
Dust 0.14410698413848877 0.21174097061157227 0.27930259704589844 25.701026916503906 -2.341343402862549 1.7475395202636719 0.0
Dust 0.17322897911071777 0.21233999729156494 0.015750885009765625 29.001415252685547 -1.4691390991210938 1.760864496231079 0.0
Dust 0.8776569962501526 1.1634061336517334 1.5641250610351562 11.648502349853516 -1.5767680406570435 -0.40032848715782166 0.0
Dust 0.04405298829078674 0.05918002128601074 0.18948936462402344 17.123836517333984 3.7177910804748535 -0.19238150119781494 0.0