Dust 1.750770475648528 2.93109435242424 5.56722490191154 3.0662400981746236 -0.6655205853610933 0.20517245569756848 -0.03973776134864828
Car 1.9753542444797345 2.9191262103202233 4.034228573758008 65.94302039195924 28.096733209371617 4.265890346586999 1.2638849857972976
Obstacle 10.059041122598408 3.6331986010928192 4.3036078667227935 100.12702950912978 27.515995921609864 12.8053797407267 0.23561944901923565
Obstacle 8.215500548691228 1.6545265300175052 2.3020340201348306 73.00264760169921 11.315952522256794 8.723075095586362 0.9960578752802886
Obstacle 10.343058550646504 1.6963798801157162 6.06584378137117 65.98721526867511 5.180304140090059 8.86742505655561 -0.52316666085474
Obstacle 11.22217593868613 1.8158566050655192 2.3584860215875025 67.87958098637314 6.350469586168856 8.06512339792029 -0.6607756383926574
Obstacle 2.0392424180073516 1.1025239308403774 1.0973297516631744 57.15133539554856 4.057542280751477 4.2470743312501185 -0.01639144698980825
Obstacle 6.603041410446167 1.9381649313073104 1.6473293008315424 32.97779970560563 8.181203037843877 4.328260810945833 0.008629470601046615
Obstacle 2.479772415860534 0.6163706378685155 1.0965132138207505 10.484644051989232 -12.195772396243203 1.179744675705408 -0.0012762865089130644
Obstacle 5.663002069393587 1.608407088660617 2.180119098929175 36.14424610934189 -13.189547790517219 4.553777023872984 -0.1697144794956591
Obstacle 10.07514000177608 4.760820901480926 5.63730009739814 61.61301970473565 10.061416544164935 7.7481165707684125 -0.1442406534307377
Obstacle 6.7905553586237355 2.150895148930214 4.7870080864670825 60.43811218262942 6.431583827022132 6.253611390624873 -0.14201973486045025
Dust 1.4240279495716095 1.5965740233659744 2.0524138808250427 2.9918769896030426 -0.1186090037226677 0.03556600213050842 0.0
Dust 1.5348010212182999 1.109813928604126 0.6329731941223145 5.192724227905273 -0.523177981376648 0.20475249737501144 0.0
Dust 0.11484800279140472 0.4185069799423218 0.31258392333984375 1.2895389795303345 -1.7532575130462646 0.15512600541114807 0.0
Dust 0.08251696825027466 0.0110970139503479 0.21522903442382812 8.251813888549805 -0.48084449768066406 0.9243115186691284 0.0
Dust 0.0769519954919815 0.2586890161037445 0.23436802625656128 0.6272070407867432 -0.5174534916877747 -0.11854799836874008 0.0