Obstacle 3.008060117485965 1.126859405143541 1 59.1834375801286 -10.36450455422267 4.134857105067859 2.9543046396592447
Obstacle 7.089172050508517 2.4182779998949293 1.774097272591623 56.597359924008046 3.4427146096686556 6.39392842115795 -2.963981087363935
Obstacle 2.9310978386043214 1 2.938375381231155 19.4416479020868 4.757640475469453 1.7191366785673603 -3.091567259687687
Obstacle 3.100612419220118 1.2469822704680298 0.9180825708453616 7.061096979218264 5.134948500289955 0.9721003713893236 3.0715787037688136
Obstacle 3.203631857778943 1 2.0893552357864498 15.491932916102696 -5.844998833046288 1.4844870869420554 3.128280358908558
Obstacle 2.9935596758830285 1.025314797378317 0.7924342653104324 2.761018707660527 -4.8382498099675875 0.8166410795390976 -3.0864000917981786
Dust 0.8697620287717143 2.6065794624325704 2.1062691879580466 1.4544515990129032 0.5295001310484128 -0.27224322874086976 -0.01837781145461781
Dust 0.27511894702911377 0.19629895687103271 1.1762566566467285 5.107002258300781 0.864934504032135 0.8898364901542664 0.0
Dust 0.1669279932975769 0.44145798683166504 0.1316239833831787 0.5670440196990967 -0.4086019992828369 -0.03245200216770172 0.0
Dust 0.015996038913726807 0.05575600266456604 0.16825485229492188 7.191059589385986 0.2617800235748291 0.5190160274505615 0.0
Dust 0.03364098072052002 0.10864782333374023 0.3180427551269531 10.463417053222656 5.140361785888672 -0.9615715146064758 0.0
Dust 0.13482898473739624 0.08570799231529236 0.26640093326568604 2.1283044815063477 0.12133699655532837 -0.41584450006484985 0.0
Dust 0.2057269811630249 0.5121417045593262 0.753364086151123 5.409709930419922 5.263632774353027 -1.1910195350646973 0.0
Dust 0.15315201878547668 0.43045592308044434 0.6119179725646973 1.836514949798584 1.3608800172805786 -0.44283801317214966 0.0