Dust 0.6248225391551967 1.6883941202580122 2.207833981730942 1.4051807902875906 -0.08914199222787306 -0.3433915637793669 -0.03968335932273277
Car 1.9753542444797345 2.9191262103202233 4.034228573758008 27.396435696606545 30.755000007016974 1.891074249269221 1.1068053531178088
Obstacle 9.135413191921417 3.6331986010928192 4.3036078667227935 61.76962412336089 30.598316135370233 9.042571570833333 0.23561944901923565
Obstacle 8.723229854041303 1.749018636006081 2.401253078736464 72.92776956379039 -5.88540788476839 8.490289146779125 -0.5471562393298737
Obstacle 8.791590694828615 1.9548418899504787 1.4097388291350297 111.86896643269424 -17.019055455002803 14.110365694073645 -0.5922389535050571
Obstacle 6.4741440699072905 3.7426415617669035 3.709318413708149 34.8198154860508 15.203846223994697 4.587601471433221 0.4426185559715061
Obstacle 4.267899579847684 2.684106150005894 6.333653006039078 28.436159516214406 7.281054956335315 3.059448288880426 -0.466957298076217
Obstacle 5.412606214048392 1.8158566050655192 2.2053378450964 29.886611051689147 9.296726052934766 3.3564601627211874 -0.4641491581702498
Obstacle 2.0392424180073516 1.1025239308403774 1.0973297516631744 19.283609888341257 6.498619854220986 1.3079801427047477 -0.016391446989808302
Obstacle 5.870062494971193 4.044948303725132 3.8379106645402463 23.402699250936127 12.701240027312936 3.301583478405965 -0.1442406534307377
Obstacle 4.881550967747488 2.150895148930214 3.7198672287534773 22.16665027806926 8.781911330833426 2.543049342348792 -0.17692631990033683
Dust 0.026860006153583527 0.05416300892829895 0.04237896203994751 0.5284534692764282 -0.5031465291976929 -0.08481000363826752 0.0
Dust 0.22000503540039062 0.6702190041542053 0.5063629150390625 2.226320505142212 0.19524750113487244 -0.42887550592422485 0.0