Obstacle 7.052613646304049 1.010024365444297 1.567092626585715 75.39744170059308 -4.623514004905383 7.204752512001326 3.1211378393800935
Obstacle 2.161067328789727 1.0341578073032145 0.9975014697663682 42.12505385885982 -8.406987622396077 2.7766786963744883 -3.027788899323001
Obstacle 7.408518978965444 1.3506788628806834 1.8931035145048511 28.36261819167236 -8.393102804234816 4.435422419743241 -3.065682489177875
Obstacle 2.620942286544578 1.1558547481809602 1.3167114360527163 14.880230343110345 -9.323998921137488 1.4686267468071248 -3.0543261909900767
Obstacle 6.616081160705921 2.400224826174287 1.9158803682519445 21.22019712774678 -14.545091589467573 4.652303777647093 -3.120815531637949
Obstacle 3.0902386289174624 1.093403307546876 1.0310230070933761 106.69828651297026 14.717779596574998 6.349785393648247 -3.0496255371787915
Obstacle 2.189866516716759 2.514346429631228 0.9015420972647332 41.63878571818035 10.599921399562632 1.986658623968685 -3.014840018659636
Obstacle 5.284176957595591 1.0278485311699306 1.085399694299715 24.846010306278764 11.139641476911365 3.0147044794645126 -3.065842017455784
Obstacle 1.4102471956304896 0.5360853258764131 11.368607151043117 5.749387427708425 11.555471555490527 -0.02085018535096195 -3.055256760072751
Obstacle 5.670000817030825 1 1 88.6395044886257 19.329044295328302 13.190494489022326 3.0912632427083357
Dust 0.30952453411980724 1.5211626912272602 2.7394764144966848 3.8672577171563667 1.9334436812733873 -0.5626483010740754 -3.090539643431173
Stone 0.9744478682817689 1.5104860651792846 1.3660706701179315 27.544340965145693 -16.539473589127283 3.206276630604063 2.6974420948252837
Dust 0.09987200051546097 0.18115198612213135 0.3576650619506836 3.816523551940918 1.3077950477600098 0.12307900190353394 0.0
Dust 0.15235298871994019 0.3526618480682373 0.9113640785217285 3.354753017425537 2.210390090942383 -0.6146295070648193 0.0