Stone 0.8326129267452038 0.6700645093887667 0.7121032150220267 32.89874133194871 -0.7453633781451572 -0.5981788592059325 -0.0052797826782207125
Stone 0.9718880754802349 0.5678510990372211 0.5377247577705351 63.8606606887397 -8.563139506634116 -0.4533182383074088 1.2092440145163046
Car 1.6815105110505055 2.1862472639506825 4.456880397609242 29.468389194964548 -5.739079334301576 -0.14960762950419526 -3.055589031784732
Dust 4.881427928716249 3.568886650525758 5.519857127999676 28.80319155288411 -0.2470202740553911 1.1149906352607855 -1.0733774899765134
Dust 3.394152045249939 5.885317192133309 8.59376552146175 16.78040667989651 0.44320102500784003 1.1375658690929413 1.6493361431346414
Dust 1.8783157878954988 4.920365013339833 3.672195334189327 7.148632332338318 3.9624130471708225 0.559669626137101 -0.12657326533906677
Dust 0.6749218130600473 0.6794989201623558 2.4560926793151836 23.229570899249097 -14.771184271047396 -0.03743490459978663 -0.12657326533906677
Dust 2.3360420018434525 4.672436356544495 3.126190662384033 7.409169673919678 3.9349440932273865 0.34616299718618393 0.0
Dust 2.7878060340881348 3.648271083831787 3.5816879272460938 15.792985916137695 2.48860764503479 0.9316160678863525 0.0
Dust 3.8321130871772766 4.784882724285126 4.998273849487305 28.610435485839844 0.05931153893470764 0.9115465581417084 0.0
Dust 0.2461690902709961 0.10664695501327515 0.4487800598144531 19.216873168945312 0.9021475315093994 1.7649585008621216 0.0
Dust 1.988824039697647 2.3765880465507507 2.048530101776123 16.843363046646118 -2.4220530092716217 0.5785910338163376 0.0
Dust 0.3973339796066284 0.1642349660396576 0.3988971710205078 14.145597457885742 -0.5464354753494263 0.9057030081748962 0.0