Dust 1.1807236930553349 4.426601235243956 2.274344011862394 1.8675571380674683 -0.23590431996126426 -0.04872277923523412 -0.09467409682138024
Obstacle 1.6106540300303882 1.8207146250625776 1.1547046816257407 23.887622824704067 3.5711355589769482 4.435839292426043 0.06108652381980153
Obstacle 2.2369960325165605 0.6957162126375618 0.9023948256442363 25.93751177403351 2.2665038650061433 4.779571838342963 0.14973951214039213
Obstacle 1.3668261274141653 0.655477935758915 0.7234412818431987 25.971323721901626 3.174675690771892 4.404344697625743 -0.07351985028417746
Obstacle 1.6232964294080392 1.6282915429737 1.0405152301536835 29.24026858102411 1.5212292733504 4.1432282050909865 -0.008726646259971679
Obstacle 2.4758742347938547 1.4924110630752825 1.3894497227150424 28.122838628949467 -8.188829628850272 3.7783478078259773 -2.2252947962927703
Obstacle 2.037829527216638 0.6566545393394909 0.6576387193295047 22.33236578493279 -35.15084233109792 3.5159560759262125 2.2776546738526
Obstacle 2.756317344592272 1.5295568640581014 1.4996211783346531 39.515687232345954 7.664587036608282 7.8125483184359155 -0.07853981633974527
Obstacle 2.8484206491154955 3.931694356287743 1.4991822725835482 50.55803114616083 -15.854839086966422 7.282379527585274 -0.02808997619246222
Obstacle 3.5600973650472363 2.235646235030888 1.4016338342955283 83.20489283957285 -7.348541557581602 6.1787296026337 -0.05333481376864287
Dust 1.1230900138616562 2.0226759910583496 1.2620210647583008 2.2375454902648926 0.416936993598938 -0.023245997726917267 0.0