Dust 1.6872064107702127 2.903003048489417 4.035658152062737 2.4039930388141775 -1.687607895746793 0.1048971770122631 -0.03968335932273277
Obstacle 8.215500548691228 1.6545265300175052 2.3020340201348306 102.13782509326565 8.215975505974711 8.407189236805937 1.2727775349346793
Obstacle 3.2861855113394 1.7954664296021057 1.189975153206882 97.32117893727195 0.548477950472573 3.8853782017009344 -0.497964882119475
Obstacle 14.373337726024314 1.8158566050655192 2.3584860215875025 96.64115695390365 4.03111008141741 8.483522965382779 -0.8123361139938245
Obstacle 11.479989193649162 2.30395373395702 1.7686408133000062 62.191894469465225 6.5828224844001895 7.88581076347307 0.008629470601046615
Obstacle 6.119620380540697 1.0162233016913509 1.5586041347221167 39.15218191155965 -13.517755824992493 4.246034606699453 -0.0012762865089130644
Obstacle 4.434066601331993 2.117777633529872 1.9710285793452014 22.005970031308557 8.943477956099215 2.5346022490845765 -0.04785750250564133
Obstacle 5.271969028476095 1.3945038618202257 3.1230715563165092 43.527861261407686 14.304222169277736 5.5411499471974786 1.0210176124166832
Obstacle 5.433276546819055 1.1807408083832311 2.2612223381908807 26.11170693790323 -26.1493013411532 2.1731328530395424 -0.05211139151719779
Obstacle 3.999197077076363 1.9105668139427374 3.5705937437867714 13.922037712920993 9.537596771810652 1.6556075436564681 -0.03490658503988645
Obstacle 11.3811514301993 2.6434308572155056 2.584302965946651 89.1601497880023 6.934278394315633 8.754389007849941 -0.1442406534307377
Obstacle 6.7905553586237355 2.4305967952401044 2.3397587506167214 88.25435444135472 4.0567898833884355 6.391440337267297 -0.12829645925742741
Dust 1.193642020225525 1.7320780754089355 2.9987540245056152 2.6179921627044678 -2.215712070465088 -0.14093899726867676 0.0
Dust 0.045037008821964264 0.09491902589797974 0.10964596271514893 0.6556220054626465 -0.617795467376709 -0.1214275062084198 0.0