Stone 0.8326129267452038 0.6700645093887667 0.7121032150220267 32.87692715934463 -0.7295336982390381 -0.5763064633726009 -0.0052797826782207125
Stone 0.9718880754802349 0.5678510990372211 0.5377247577705351 63.885897042259785 -8.501183290931976 -0.4533182383074088 1.2092440145163046
Dust 2.331679328556718 1.6748806417728148 2.894291402119599 19.48179745806846 -4.1791852691265134 1.510864003362327 -0.19809258848163247
Dust 3.887288638790723 6.832905256674853 5.906494245361856 16.888619381564737 6.321660709813281 1.3208765641648195 -0.19809258848163247
Dust 2.4372719695660923 7.957695188999313 6.741453077726387 10.307220058846928 1.5907397380010955 0.9152795206261947 -0.18378660761710577
Dust 1.5366922159441585 1.84284868458686 2.425223694748837 14.934535347809673 -2.812490448451902 0.7012499203558625 0.24146463382169436
Dust 0.5604246854782104 1.227325201034546 2.029298782348633 17.866246223449707 7.647128224372864 2.9843085408210754 0.0
Dust 2.2648351192474365 7.779704451560974 3.548144817352295 11.533877611160278 1.3950543999671936 0.7688724994659424 0.0
Dust 2.586598016321659 0.8274126052856445 0.7776727676391602 15.725493907928467 6.5062243938446045 1.0578270070254803 0.0
Dust 1.77913498878479 1.299292802810669 1.5728187561035156 19.126379013061523 -3.8366055488586426 1.6790615320205688 0.0
Dust 0.5422549843788147 0.552149772644043 0.42129039764404297 15.007200241088867 5.204145908355713 0.9696915149688721 0.0
Dust 0.11999499797821045 0.17938804626464844 0.5493249893188477 15.618072509765625 9.298014640808105 1.7823834419250488 0.0
Dust 1.1449899673461914 0.8717160224914551 1.189478874206543 15.199594497680664 -2.5795700550079346 0.8971010446548462 0.0
Dust 0.7092519998550415 1.0624091625213623 1.3561906814575195 8.080951690673828 2.9082283973693848 0.06789699196815491 0.0