Dust 1.1638331791922825 4.338104626015209 2.242055005668238 1.6681727083137048 -0.389741606671123 -0.04092579180906786 -0.14198888201216392
Obstacle 1.6106540300303882 1.8207146250625776 1.1547046816257407 23.887335914214418 3.543065687542139 4.435839292426043 0.06108652381980153
Obstacle 2.2369960325165605 0.6957162126375618 0.9023948256442363 25.941043268304384 2.2352099270126473 4.779571838342963 0.14973951214039213
Obstacle 1.3668261274141653 0.655477935758915 0.7234412818431987 25.962905950817458 3.1057655800047996 4.404344697625743 -0.07351985028417746
Obstacle 1.6232964294080392 1.6282915429737 1.0405152301536835 29.240086395458547 1.5003528753072715 4.1432282050909865 -0.008726646259971679
Obstacle 2.4758742347938547 1.4924110630752825 1.3894497227150424 28.12367373772895 -8.189470430354277 3.7783478078259773 -2.2252947962927703
Obstacle 2.037829527216638 0.6566545393394909 0.6576387193295047 22.328891847592423 -35.15502876439847 3.517028617782642 2.2776546738526
Obstacle 2.756317344592272 1.5295568640581014 1.4996211783346531 39.51572459382032 7.66506175914833 7.810710773539521 -0.07853981633974527
Obstacle 2.8484206491154955 3.931694356287743 1.4991822725835482 50.55803114616083 -15.854839086966422 7.282379527585274 -0.02808997619246222
Obstacle 3.5600973650472363 2.235646235030888 1.4016338342955283 83.36279700719793 -7.37992273914454 6.1787296026337 -0.05333481376864286
Dust 1.0552990436553955 1.8133559226989746 1.1135709881782532 2.109678477048874 0.38439497351646423 -0.0026994943618774414 0.0