Stone 0.8326129267452038 0.6700645093887667 0.7121032150220267 32.86389091759621 -0.6561305136069677 -0.6146189633726009 -0.0052797826782207125
Stone 0.9718880754802349 0.5678510990372211 0.5377247577705351 63.80217622883384 -8.41158914739799 -0.4533182383074088 1.2092440145163046
Car 1.6815105110505055 2.1862472639506825 4.456880397609242 37.72018691282957 -11.260846846919318 -0.2543763278335682 -0.0809815191287262
Dust 1.5227571961479802 7.132699981209205 2.351272340874837 2.3357170807860275 0.2880890987708143 -0.03583162770655854 -0.014872362220650803
Dust 1.739991009235382 2.803771631197605 3.860912945858309 8.880298888106557 -0.4833116489277548 0.10826748967170717 -0.014872362220650803
Dust 1.0835134099269736 1.008337186794431 1.1298389121874024 21.088170859184533 -4.108106403760105 0.18469429143543897 -0.014872362220650803
Dust 1.3406680524349213 4.11167311668396 1.6014480590820312 2.184643030166626 1.5289995670318604 -0.07112400233745575 0.0
Dust 1.1812000125646591 2.289881944656372 1.9268949031829834 2.211641311645508 -2.281475067138672 -0.0033990219235420227 0.0
Dust 1.578374981880188 1.0557790100574493 1.0272421836853027 7.502425193786621 -1.2476415485143661 0.0290755033493042 0.0
Dust 0.15039998292922974 0.1195988655090332 0.2421436309814453 20.79186248779297 -3.9962193965911865 0.5712510347366333 0.0
Dust 0.12382599711418152 0.8887519836425781 0.6552238464355469 9.564229965209961 -0.05672299861907959 0.03812599927186966 0.0