Dust 1.160930094118843 1.375555030351387 2.560689514110984 3.078943501591335 -0.06437081179583623 -0.06452382868538876 -0.03968335932273277
Car 1.9753542444797345 2.9191262103202233 4.034228573758008 11.594776543466423 32.81771024479849 0.943911889557361 1.0479004908629996
Obstacle 6.959687329998122 3.6331986010928192 4.3036078667227935 45.07193197542688 34.81094020205546 7.166109565966223 0.23561944901923565
Obstacle 8.723229854041303 1.749018636006081 2.401253078736464 58.17767801508543 -0.3251265168442661 7.666709531424963 -0.4519001329267241
Obstacle 8.791590694828615 1.9548418899504787 1.4097388291350297 98.54752847452903 -9.259727285410639 12.804176138287497 -0.5147246718742651
Obstacle 4.126055095658248 0.8386332466590063 1.081256973182658 28.39117014377779 -16.719549423932417 3.8619861791330163 -0.1820662563153225
Dust 1.8525731163123853 0.7349530564388929 2.6473459747548675 13.53880060665988 -2.1904892151780513 1.1417081738299562 -0.07853981633974527
Obstacle 4.501125289057046 1.150905324025533 5.956991463528082 21.0745124412394 18.006122904989006 2.3148668198074516 0.8115781021773628
Obstacle 2.5337962810571026 1.8795516708487041 4.030706483104456 14.824129177742003 8.997541307699077 1.2427501425316572 -0.4288345923317876
Obstacle 2.62349595680608 1.8158566050655192 2.2053378450964 14.734304035096137 11.120032698469096 1.0854119949382093 -0.3981863974121343
Obstacle 2.0392424180073516 1.1025239308403774 1.0973297516631744 4.416601741539991 7.652971775335391 0.36992863042136664 -0.016391446989808288
Obstacle 3.719025078284713 1.5852200626400474 1.6483257370018778 8.307527233587543 14.695282922522086 1.4925906329939744 -0.1442406534307377
Obstacle 3.5092181113660854 2.150895148930214 2.6048467829435875 6.541754653971467 10.032759957971747 1.172293752157522 -0.17692631990033683
Dust 0.9777230024337769 1.082839012145996 2.314696788787842 3.1642954349517822 -0.06138050556182861 -0.15502549707889557 0.0
Dust 0.049208998680114746 0.1387770175933838 0.20080852508544922 14.607423782348633 -2.139209270477295 1.7225394248962402 0.0
Dust 0.1376970410346985 0.2732810974121094 0.4320831298828125 12.813426971435547 -2.1273624897003174 0.6056175231933594 0.0