Dust 1.14694266532923 4.249608016786462 2.209765999474082 1.4687882785601005 -0.543578893380849 -0.03312880438290159 -0.1893036672029476
Obstacle 1.6106540300303882 1.8207146250625776 1.1547046816257407 23.887049003724314 3.51499581610733 4.435839292426043 0.06108652381980153
Obstacle 2.2369960325165605 0.6957162126375618 0.9023948256442363 25.944574762575485 2.2039159890191513 4.779571838342963 0.14973951214039213
Obstacle 1.3668261274141653 0.655477935758915 0.7234412818431987 25.954488179733744 3.036855469237935 4.404344697625743 -0.07351985028417746
Obstacle 1.6232964294080392 1.6282915429737 1.0405152301536835 29.239904209892757 1.4794764772643703 4.1432282050909865 -0.008726646259971679
Obstacle 2.4758742347938547 1.4924110630752825 1.3894497227150424 28.12450884650798 -8.19011123185851 3.7783478078259773 -2.2252947962927703
Obstacle 2.037829527216638 0.6566545393394909 0.6576387193295047 22.279279511367804 -35.182182525545386 3.518101159639072 2.2776546738526
Obstacle 2.756317344592272 1.5295568640581014 1.4996211783346531 39.51576195529424 7.66553648168815 7.808873228643126 -0.07853981633974527
Obstacle 3.5600973650472363 2.235646235030888 1.4016338342955283 83.45139662389035 -7.396409918335078 6.1787296026337 -0.05333481376864284
Dust 1.6452496799423209 1.763904857551339 1.4008739941960204 19.146953071213996 -3.440993021972333 3.020858131220246 -1.6493361431346418
Dust 0.3054810166358948 0.7679750919342041 0.7414869666099548 1.2776374816894531 -1.763048529624939 0.21362149715423584 0.0
Dust 0.9647719860076904 1.0720419883728027 0.45478904247283936 2.178735613822937 -0.003134012222290039 -0.04154998064041138 0.0
Dust 1.2307798862457275 1.008795976638794 1.2086257934570312 19.00862693786621 -3.295595169067383 3.228093147277832 0.0