Truck 4.140949746570012 4.257669231347487 10.384821657995387 20.682900121838966 1.0324928409448066 1.1425543405313605 0.054474659240090796
Obstacle 0.5820456082359009 3.3017093662209107 3.265531069842303 12.61993710033657 9.086617842175881 -0.7079622241489564 -0.0019906074603580183
Obstacle 0.5258476018875375 0.7209386008117098 0.6876033519872861 4.559704625100494 4.129779214249879 -1.1973068875789536 0.042496580297739873
Obstacle 6.419154979263621 2.2012175171910644 0.8728941329088933 24.007873643814264 6.99182165166053 2.4561544095686294 0.022803249310992472
Obstacle 9.127990426130653 1.151906695329126 1.119147238134444 38.991623919394215 20.61949558469405 4.6230891748087695 0.02617993877991509
Obstacle 9.767457808519909 1 1 95.70443473435535 48.87694661992009 6.382829413821096 0.05200829355322831
Dust 1.006157846699658 3.708904762425095 2.104307801557719 15.349144350502964 0.8254558875551122 -0.38440104705060596 0.04363323129985825
Dust 0.22699803113937378 0.07192802429199219 0.17451095581054688 12.713138580322266 4.6164422035217285 0.8267940282821655 0.0
Dust 0.7065950036048889 0.6721559762954712 0.9438695907592773 15.077774047851562 -0.2740650177001953 -0.584215521812439 0.0
Dust 0.9066129922866821 0.6736949682235718 0.8059020042419434 7.569705963134766 -0.5645275115966797 -0.7055194973945618 0.0
Dust 0.4629979729652405 0.1619260311126709 0.2128582000732422 15.507023811340332 2.322176933288574 -0.7042670249938965 0.0