Obstacle 7.052613646304049 1.010024365444297 1.567092626585715 101.75690540705816 18.620999406286188 10.198239343815551 3.1211378393800935
Obstacle 2.161067328789727 1.0341578073032145 0.9975014697663682 70.61965488710297 6.374761993537985 4.663624673702831 -2.8439932985328564
Obstacle 7.408518978965444 1.3506788628806834 1.8931035145048511 57.14091595889962 2.70127395938014 6.935940387719795 -3.065682489177875
Obstacle 2.620942286544578 1.1558547481809602 1.3167114360527163 44.495787474929784 -1.771181366001315 3.1217688445841603 -2.9059732045705586
Obstacle 6.616081160705921 2.400224826174287 1.9158803682519445 51.82498119497454 -5.164353985426172 6.692100332232025 -2.8153829125389414
Obstacle 2.189866516716759 2.514346429631228 0.9015420972647332 65.44960633665777 24.32251380076555 3.1775216711944227 -2.7704939233804327
Obstacle 6.6851146842610225 1.0278485311699306 1.085399694299715 48.94963460194241 20.448558368038626 5.277855004147459 -2.769136044616747
Obstacle 5.8743616921127915 1 1.302232323908862 10.869637053327283 -14.044046240354593 2.501345172931946 -3.075220976247625
Obstacle 1.7634090377810445 1.8232719279283085 1.6657506542005764 27.346428865876987 8.220176704681876 1.0046305638759465 -3.0630528372500487
Dust 0.4944851129072849 1.3677998536939893 2.3668938416725736 3.3599101306071844 -0.5313524130782054 -0.5118838583761987 -3.065069880941945
Dust 0.9492129981517792 1.0339809656143188 1.1161949634552002 2.437430500984192 0.09119749069213867 -0.11761750280857086 0.0