Stone 0.8326129267452038 0.6700645093887667 0.7121032150220267 32.902827157831325 -0.7418134722674949 -0.5975681821225991 -0.0052797826782207125
Stone 0.9718880754802349 0.5678510990372211 0.5377247577705351 63.86176554740473 -8.562853275274847 -0.4533182383074088 1.2092440145163046
Car 1.6815105110505055 2.1862472639506825 4.456880397609242 33.534057001005316 -5.376127338199604 -0.1793933824203362 -2.843721450761627
Dust 4.5849584315390945 27.714285750630992 15.502080455675017 17.868810791102213 -0.15962113308884052 1.919204876397808 -2.132673625101509
Dust 1.3883769512176514 1.4852056503295898 1.202101707458496 13.120498657226562 8.745279312133789 2.335874557495117 0.0
Dust 2.0473010540008545 4.646676063537598 4.574629783630371 8.251537322998047 3.4201231002807617 0.6325485110282898 0.0
Dust 0.11069297790527344 0.06810998916625977 0.1972198486328125 12.562496185302734 5.640143394470215 2.028106451034546 0.0
Dust 2.7895610332489014 2.3493599891662598 3.10196590423584 16.87467384338379 1.5671000480651855 1.0322035551071167 0.0
Dust 2.9047669172286987 4.506653070449829 4.378986358642578 29.784396171569824 -0.6565254926681519 1.5593704581260681 0.0
Dust 0.6567179560661316 1.3532888889312744 0.9853029251098633 15.252557754516602 -2.0270023345947266 1.1484639644622803 0.0
Dust 1.5975090116262436 0.8975989818572998 1.0617446899414062 18.040220260620117 -3.7461553812026978 0.63434649258852 0.0
Dust 0.27966010570526123 0.06878802180290222 0.27631187438964844 20.500694274902344 -0.4739239811897278 1.171673059463501 0.0
Dust 0.03845301270484924 0.02983105182647705 0.2546653747558594 8.110064506530762 -1.8595995903015137 -0.16510950028896332 0.0