Obstacle 3.1046775774976947 1.171054777669051 0.9665324344259046 67.18777706404754 -4.564894646312845 6.043976098435355 0.13089969389957457
Obstacle 1.338604344025882 1.6778301891400498 1.802595989079346 74.79158118458518 17.016246069301786 5.508072755044754 -0.5051951893661848
Obstacle 3.3533963917711365 1.3045646616105908 0.8135930795279119 79.79741103867826 17.43609745362607 6.979390510149364 1.7215074719138925
Engineering 6.048283001421766 4.522610974753871 11.288128368236846 21.087629342406718 18.569360694774986 1.787702690789184 2.479257129944556
Engineering 6.299819765108179 4.837121999873509 13.814558549090929 17.435859626017102 13.409476809263076 1.945039061146271 2.5307274153917776
Engineering 6.83327288787521 5.2508426271682955 13.507012195222053 25.99047876772238 25.112653414784972 2.461776948657119 2.5181252005395107
Engineering 7.304199906999188 5.563765990507239 13.254364030306766 30.216479300341124 32.08559043668915 2.709914163016216 2.522220639711403
Pedestrian 1.7365343544684475 1.274306556179959 1.4472067310698065 46.82995749675203 -34.261337696187624 -1.6144110716145825 -1.7552852101819878
Pedestrian 1.29185357022203 1.490707065878629 1.071657916409734 43.630734987072096 -35.33035064528463 -1.93992007135258 1.3688541508878616
Pedestrian 1.2533602010309228 1.0895286559774815 1.0327797540103274 41.47646342609889 -34.96371010066903 -2.1453640116617994 1.3688541508878622
