Obstacle 1.6106540300303882 1.8207146250625776 1.1547046816257407 23.889344287643326 3.739554787585803 4.435839292426043 0.06108652381980153
Obstacle 2.2369960325165605 0.6957162126375618 0.9023948256442363 25.92974345892003 2.3810841536756016 4.779571838342963 0.14973951214039213
Obstacle 1.3668261274141653 0.6075852377187908 0.7234412818431987 25.98640031764171 3.28861425116429 4.404344697625743 -0.07351985028417746
Obstacle 1.6232964294080392 1.6282915429737 1.0405152301536835 29.241726065549756 1.6882404576936096 4.1432282050909865 -0.008726646259971679
Obstacle 2.44413196284301 0.886352488199028 0.75780651468449 22.356572201210952 -10.31105226495356 3.3160420022344934 1.387536755335492
Obstacle 2.4758742347938547 1.4924110630752825 1.3894497227150424 28.116157758715417 -8.183703216816411 3.7783478078259773 -2.2252947962927703
Obstacle 2.037829527216638 0.6566545393394909 0.6576387193295047 22.36596313658913 -35.1156799153423 3.5073757410747746 2.2776546738526
Obstacle 2.756317344592272 1.5295568640581014 1.4996211783346531 39.51538834055259 7.660789256289263 7.8272486776070735 -0.07853981633974527
Obstacle 2.8484206491154955 3.931694356287743 1.4991822725835482 50.5580311461606 -15.854839086966422 7.282379527585274 -0.02808997619246222
Obstacle 3.5600973650472363 2.235646235030888 1.4016338342955283 83.36937798759284 -7.352817871432309 6.1787296026337 -0.05333481376864289
Dust 1.2313880175352097 1.107704997062683 1.6000982522964478 2.8146820664405823 0.06699946522712708 -0.035113997757434845 0.0