Car 1.9753542444797345 2.9191262103202233 4.034228573758008 41.513845181860475 30.325754977373638 2.458236608981081 1.1657102153726173
Obstacle 10.059041122598408 3.6331986010928192 4.3036078667227935 76.16806751952856 30.130410789333816 10.167310214798338 0.23561944901923565
Obstacle 8.723229854041303 1.749018636006081 2.401253078736464 86.07153448932002 -5.460074142245318 9.048652181079888 -0.6291744492729228
Obstacle 8.215500548691228 1.6545265300175052 2.3020340201348306 49.19566368977209 13.872971209974084 5.257299979052835 0.8115781021773617
Obstacle 6.444366186751514 1.694931029618041 7.396215893505035 41.9186483058644 7.754075835190802 4.751117706818882 -0.5339870558308268
Obstacle 8.716260061048967 1.8158566050655192 2.2053378450964 43.787260745402364 8.800965658960962 5.591205284877882 -0.5301119189283655
Obstacle 2.0392424180073516 1.1025239308403774 1.0973297516631744 33.183529800522095 6.0049435794730055 2.101703675110476 -0.01639144698980827
Obstacle 6.603041410446167 1.9381649313073104 1.6473293008315424 8.972206034613682 9.221839585763128 2.7214104120960245 0.008629470601046615
Obstacle 5.916693598966072 1.608407088660617 8.876095349724244 12.556496190516688 -11.663528945068201 2.3495298091108476 -0.169714479495659
Obstacle 0.9539163240443616 1.690598688964572 1.6444161499177008 13.533624950096495 -9.981492092538344 0.2892071668630316 -0.13257279347881926
Obstacle 5.768704056739807 4.044948303725132 1.8107418999125309 36.316061178571715 12.406236492944444 3.712721049785614 -0.1442406534307377
Obstacle 6.7905553586237355 2.150895148930214 4.197118326472539 36.5608280611031 8.433650139478225 4.323535681116219 -0.17692631990033683
Dust 1.380330993303378 1.4031275776306091 2.3203071989221113 1.5795183899634735 0.12253575533701423 -0.07710856763535728 -0.03968335932273277
Dust 1.0035079717636108 1.0771440267562866 0.7976150512695312 2.2673075199127197 0.033215999603271484 -0.049118995666503906 0.0
Dust 0.04403900355100632 0.1642179787158966 0.035034000873565674 0.5175329446792603 -0.42652201652526855 -0.07818649709224701 0.0