Stone 0.8326129267452038 0.6700645093887667 0.7121032150220267 32.890365902000596 -0.709604373774742 -0.6229731300392676 -0.0052797826782207125
Stone 0.9718880754802349 0.5678510990372211 0.5377247577705351 63.86373938940369 -8.47496285851446 -0.4533182383074088 1.2092440145163046
Dust 2.1516029730563213 1.932767873432232 2.530218248346401 20.131137436435463 -4.33352588415857 1.7769445232984995 0.0756463622607153
Dust 1.1325786696709434 0.6171588345159811 0.6992268722766709 20.264800416738538 -11.972068317476438 3.6516558212619405 0.0756463622607153
Dust 4.7342391357128175 8.393593065839745 7.899810262806749 19.14798011730177 8.211839322292356 1.6145252056268669 -0.13440077774106407
Dust 2.816157725015617 7.542574880185423 6.932544397254235 10.858965668455802 1.2610380039810851 0.9449521292047387 -0.13440077774106407
Dust 0.3921610116958618 0.7387430667877197 0.6058410406112671 2.300231456756592 -2.6262006759643555 0.2507525086402893 0.0
Dust 3.6053509265184402 3.0368728637695312 4.5902419090271 17.77880024909973 6.351507663726807 1.4979784712195396 0.0
Dust 0.24549221992492676 0.07964134216308594 0.11297035217285156 20.169124603271484 -11.807429313659668 4.035199165344238 0.0
Dust 2.431912899017334 6.916629076004028 5.867268323898315 10.680990815162659 1.1344884634017944 0.9107375144958496 0.0
Dust 1.9141860008239746 1.3625409603118896 1.339670181274414 19.976646423339844 -4.130913257598877 1.8956530094146729 0.0
Dust 0.020915985107421875 0.2381458282470703 0.5727691650390625 19.509912490844727 11.374910354614258 -0.4090909957885742 0.0