Stone 0.8326129267452038 0.6700645093887667 0.7121032150220267 32.970482683507136 -0.7564565954617137 -0.6000108904559327 -0.0052797826782207125
Stone 0.9718880754802349 0.5678510990372211 0.5377247577705351 63.85734611274394 -8.563998200711922 -0.4533182383074088 1.2092440145163046
Car 1.6815105110505055 2.1862472639506825 4.456880397609242 15.729869804306388 -2.274095234600016 -0.022198195176982433 2.7288423456418354
Dust 1.0942410081624985 2.2602855868036156 1.2515722113733556 13.0360737270881 -1.2653115855027435 -0.2910288469342559 -0.42578296095452256
Dust 0.8031340092420578 0.9045778785333355 0.8672315765151981 6.2477951128820655 5.868904766680021 -0.45383900552988043 -0.6158228809334507
Dust 0.5931399795515784 1.418492535010376 1.1716448244573296 13.306456050021698 8.556094353755647 -0.35617299601949487 -0.6136943811401112
Dust 3.0810941199031654 4.849006835705262 6.294811032355941 13.254881844020543 3.889483086022697 0.9844858069829224 -0.4685747438189285
Dust 2.580281972885132 1.820192751545725 8.523032655369612 23.132758049669924 -4.301802743172323 0.3414809703826903 3.115412714809878
Dust 4.9431546818796095 3.5906275860083756 11.89796186788617 27.068883501159494 1.1064810054354748 1.0688615495173486 -0.837758040957279
Dust 2.8867809772491455 4.249923944473267 4.616475582122803 13.135457754135132 3.812620997428894 1.0508314371109009 0.0
Dust 4.536048889160156 8.624823987483978 7.222972869873047 27.106600761413574 1.2329390347003937 1.2724144458770752 0.0
Dust 0.9722649455070496 1.4224708080291748 4.284259796142578 23.871740341186523 -4.432088375091553 1.1454894542694092 0.0
Dust 0.010069012641906738 0.1849050521850586 0.1279926300048828 27.160903930664062 -3.8702194690704346 1.4732975959777832 0.0
Dust 0.8983519673347473 0.6366033554077148 2.015226364135742 19.873985290527344 -4.571743488311768 0.1536259949207306 0.0
Dust 0.7029440402984619 0.6958436965942383 0.8324489593505859 6.357089519500732 5.711122989654541 -0.5037440061569214 0.0
Dust 1.0942410230636597 2.1864140033721924 1.7230157852172852 13.04732894897461 -1.2691179513931274 -0.41057848930358887 0.0
Dust 0.0947059839963913 0.6669473648071289 0.6960983276367188 13.106803894042969 8.711221694946289 -0.2469559907913208 0.0