Stone 0.8326129267452038 0.6700645093887667 0.7121032150220267 32.8946555060661 -0.748913284022592 -0.5987895362892659 -0.0052797826782207125
Stone 0.9718880754802349 0.5678510990372211 0.5377247577705351 63.85955583007444 -8.563425737993384 -0.4533182383074088 1.2092440145163046
Car 1.6815105110505055 2.1862472639506825 4.456880397609242 24.934756361672576 -5.247454790126952 -0.05948532295624205 3.077216648468972
Dust 4.175832939959451 5.932416839188762 5.8667225757991055 28.330592313620862 1.1156156219682472 1.3464950902141655 -0.12833716740437673
Dust 3.532950180609646 9.109797881292737 7.887059352558419 16.04480298276436 0.7798765943158278 1.2110450677064257 -0.12833716740437673
Dust 2.5297250151634216 3.4207430563279013 3.68108249463432 7.026570426731833 3.712783314032437 0.7442330265045164 -0.12833716740437673
Dust 1.8587440252304077 2.746732234954834 2.7050375938415527 6.895698547363281 3.667649030685425 0.6243730187416077 0.0
Dust 2.9513370990753174 3.7415530681610107 3.9569177627563477 14.699853897094727 3.237680435180664 1.0689414739608765 0.0
Dust 0.2679619789123535 0.0766451358795166 0.07079696655273438 19.457014083862305 2.7257823944091797 2.2858920097351074 0.0
Dust 3.430772066116333 5.528430938720703 4.404991149902344 28.193628311157227 1.0062634944915771 1.4684690237045288 0.0
Dust 0.5054410099983215 0.17490699887275696 0.3436450958251953 12.322731018066406 0.17586849629878998 1.1303465366363525 0.0
Dust 1.1229249238967896 1.6516801118850708 2.039118766784668 15.256265640258789 -2.452115058898926 0.7211574912071228 0.0