Dust 1.160930094118843 1.375555030351387 2.560689514110984 3.1045302369058 -0.06538671273306904 -0.06452382868538876 -0.03968335932273277
Car 1.9753542444797345 2.9191262103202233 4.034228573758008 16.77347338143771 32.215784113401305 1.229632676127981 1.067535444947936
Obstacle 8.673599226582922 3.6331986010928192 4.3036078667227935 50.768054954775764 33.31109914718894 8.261067897335451 0.23561944901923565
Obstacle 8.723229854041303 1.749018636006081 2.401253078736464 63.246853287697526 -2.895684932974327 8.043731465075371 -0.4924774327011743
Obstacle 8.791590694828615 1.9548418899504787 1.4097388291350297 102.61395635131737 -12.525730735412353 11.922588452590594 -0.5764922236551879
Obstacle 4.126055095658248 0.8386332466590063 1.081256973182658 32.78148641428774 -18.014597340645732 3.752951717370305 -0.1657708592565724
Obstacle 5.714009243370366 3.5805230931949765 3.189048572807351 24.444196620390308 17.232265398525925 3.459434223247892 0.8115781021773627
Obstacle 4.17151593674434 2.684106150005894 5.755351147419012 18.79639328025979 8.306776588927494 2.025949275398238 -0.4135441466465057
Obstacle 4.157532758866427 1.7275793324229922 2.2053378450964 19.803078042702126 10.55256318531112 2.1445947423556575 -0.4201739843315061
Obstacle 2.0392424180073516 1.1025239308403774 1.0973297516631744 9.362655024380308 7.088321253667474 0.6962074173025427 -0.016391446989808295
Obstacle 5.1480870691716305 4.042983880589818 5.066230393276242 13.492263491771782 13.193035972947014 2.0993276627875224 -0.1442406534307377
Obstacle 4.881550967747488 2.150895148930214 3.7198672287534773 12.050637225110226 9.58356963853581 2.0756826906828465 -0.17692631990033683
Dust 1.1683960258960724 0.8091670274734497 2.417137920856476 3.1644760072231293 0.13938850164413452 -0.06027799844741821 0.0
Dust 0.2915840148925781 0.5452477931976318 0.9203968048095703 15.704751014709473 -3.188119888305664 0.6851969957351685 0.0