Stone 0.8326129267452038 0.6700645093887667 0.7121032150220267 32.88684559439025 -0.702919027554799 -0.6216397967059342 -0.0052797826782207125
Stone 0.9718880754802349 0.5678510990372211 0.5377247577705351 63.85604399433237 -8.467041144625 -0.4533182383074088 1.2092440145163046
Dust 0.4807020106818527 0.7475938800023145 0.8690894949441952 2.534294942860419 -2.8656406610815135 0.24315400526393208 -0.21364659605994785
Dust 3.296414466083243 7.883391660770274 7.4922171850885775 11.296518613918028 0.9682248232199567 1.1537619589784762 -0.10700498965559868
Dust 3.9705268683926813 7.74887460904319 5.585279335682392 19.280777197565893 6.688587832091352 1.4609428770788784 -0.6456525940773599
Dust 0.4842635529258447 1.02320312350227 1.03636457837651 17.0669012579047 -1.7356429626866359 1.1548121765743395 -0.3955143074986534
Dust 2.2693296631862374 1.9078290447159325 5.597245572970095 21.85215688303135 -4.147471557032306 1.5350957651590478 0.12375773219666963
Dust 0.4807020127773285 0.7838149070739746 0.8084540367126465 2.5275659561157227 -2.8362765312194824 0.24315400421619415 0.0
Dust 3.4737210273742676 3.281552314758301 4.476646900177002 17.98129439353943 5.799562931060791 1.4954555034637451 0.0
Dust 2.5352060794830322 7.4222328662872314 6.061010360717773 10.905258178710938 0.8894635438919067 0.9822120070457458 0.0
Dust 1.7073029279708862 1.3568990230560303 1.1036090850830078 20.518909454345703 -4.119328498840332 1.7434303760528564 0.0
Dust 0.2552450895309448 0.10447502136230469 0.11960220336914062 23.724802017211914 -3.1677935123443604 2.031322479248047 0.0
Dust 0.22097599506378174 0.09924495220184326 0.34087181091308594 17.058860778808594 -1.6490225791931152 1.2164199352264404 0.0
Dust 0.22850000858306885 0.8809995651245117 0.6522312164306641 18.858257293701172 9.330209732055664 -0.2983750104904175 0.0
Dust 0.012060999870300293 0.05912303924560547 0.061798095703125 19.4552001953125 10.96017837524414 -0.3293515145778656 0.0