Dust 1.9293528340160546 2.3497364183287535 7.1664516213138345 5.17802580542604 0.044972287368099974 0.5077410901112264 -0.03968335932273277
Car 1.9753542444797345 2.9191262103202233 4.034228573758008 1.2373828675240475 34.02156250759299 0.37247031641612116 1.008630582693127
Obstacle 5.245775433413321 3.6331986010928192 4.3036078667227935 34.645069237964854 36.93905543294372 5.499711756640593 0.23561944901923565
Obstacle 8.723229854041303 1.749018636006081 2.401253078736464 49.36250379277594 2.7843577245602007 5.914314908337705 -0.47546528849748343
Obstacle 8.791590694828615 1.9548418899504787 1.4097388291350297 89.84077440816576 -4.3168338746167025 12.723216274491467 -0.43782485370176244
Obstacle 10.515323875862054 2.243488926569783 1.4282831938113527 96.8116718725905 -16.68622060977505 9.893038876032685 -0.3184433790214744
Truck 4.505201185719891 3.869481170361474 15.10246719682279 94.7272671397972 -25.21407603932434 6.64809612238121 -0.500431183782866
Obstacle 4.138909897680366 0.8386332466590063 1.081256973182658 20.27771203257411 -15.111830439393053 2.9901522759484562 -0.20338076710767056
Obstacle 4.501125289057046 1.150905324025533 4.768928499803621 11.189705014868682 18.722866298655454 1.654831839960529 0.8115781021773631
Obstacle 1.4756823378165234 1.643640398387005 2.409550650951669 6.5498008303050765 9.407557473325173 0.1707849586606573 -0.29142739810180096
Dust 0.3489519953727722 0.2960599660873413 1.1001899242401123 4.393467903137207 -0.8397240042686462 0.740075945854187 0.0
Dust 1.7821179628372192 1.7489690780639648 1.8121519088745117 7.841704845428467 -0.08958747982978821 0.43600696325302124 0.0
Dust 0.23385903239250183 0.9170399904251099 0.9123721122741699 2.3097870349884033 0.0754309892654419 -0.42342549562454224 0.0