Stone 0.8326129267452038 0.6700645093887667 0.7121032150220267 32.88332528677961 -0.6962336813348884 -0.6203064633726009 -0.0052797826782207125
Stone 0.9718880754802349 0.5678510990372211 0.5377247577705351 63.84834859926116 -8.459119430735427 -0.4533182383074088 1.2092440145163046
Dust 1.4223840451208654 4.1193588230893825 3.7952548584629016 9.303958123887163 1.8693513115543596 0.08845497012297791 0.16529907926913645
Dust 2.1159330010414124 3.582160538920201 8.387476826409216 5.653915437578607 -3.0378310879980375 0.26692812144756317 0.19147901804905137
Dust 2.5931182996980073 4.626470369560979 5.652126501741373 14.954263869061572 0.20348125439203782 0.6866981072466953 0.16529907929236878
Dust 3.5735053095324285 4.291913185880466 7.565359169127307 22.425617565087734 2.178837647733311 1.1622129996069546 0.14452826707936084
Dust 2.010122060775757 4.356280326843262 7.798837661743164 5.637598991394043 -2.7522950172424316 0.2140369713306427 0.0
Dust 3.262120008468628 3.858448028564453 6.547555923461914 22.627788543701172 2.085297107696533 1.277582049369812 0.0
Dust 2.1523008346557617 2.3349151611328125 3.600836753845215 14.386301040649414 -0.8039345145225525 0.7184894680976868 0.0
Dust 1.084318995475769 2.0727949142456055 2.6768059730529785 8.963990211486816 2.8125624656677246 0.23748749494552612 0.0
Dust 0.9309319853782654 1.3878580331802368 1.5365219116210938 16.70755386352539 1.8791821002960205 -0.008594006299972534 0.0
Dust 0.39706799387931824 0.63201504945755 0.4506988525390625 10.192648887634277 0.3687385022640228 -0.42128098011016846 0.0