Dust 1.7862506139642644 3.350753644099151 5.884482304955537 3.3009537024316087 -0.926277388511375 0.29808238683461225 -0.03972112533602879
Car 1.9753542444797345 2.9191262103202233 4.034228573758008 70.89603338503261 27.619488132728605 4.678647675111967 1.1672701131926961
Obstacle 11.188138068851366 3.8042842539949535 4.3036078667227935 104.9962586300544 26.748719625049944 13.640913639685648 0.23561944901923565
Obstacle 8.215500548691228 1.6545265300175052 2.3020340201348306 77.51004104961191 11.113712916639711 9.595346972824325 1.0421778185560204
Obstacle 10.343058550646504 1.6963798801157162 6.06584378137117 70.90210470268018 4.70479021146333 9.785465922270486 -0.5189663643988625
Obstacle 11.546339834135484 1.8158566050655192 2.3584860215875025 72.40075227271109 6.099993572212064 8.529733189939869 -0.6860357176595187
Obstacle 2.0392424180073516 1.1025239308403774 1.0973297516631744 61.37375689823517 3.9007679228733103 4.548994527198046 -0.01639144698980825
Obstacle 6.603041410446167 1.9381649313073104 1.6473293008315424 37.50597384260868 7.798736553831067 4.719241738319397 0.008629470601046615
Obstacle 2.109180894282657 0.6163706378685155 0.911217453031812 15.314729359467888 -12.227740518232128 1.2343286561176585 -0.0012762865089130644
Obstacle 10.579620928753071 4.760820901480926 5.9736207153828005 66.0880312381092 9.784909619897702 8.260799571019398 -0.1442406534307377
Obstacle 6.870097208243579 2.150895148930214 4.826779011277004 65.30060660498293 6.07971819320619 6.270193422090549 -0.14201973486045025
Dust 1.477236032485962 3.2668339014053345 3.719916820526123 3.6166694164276123 -0.8920859694480896 0.13073702156543732 0.0
Dust 0.113211989402771 0.19995301961898804 0.27110999822616577 0.6381549835205078 -0.4728434979915619 -0.11073499917984009 0.0