Dust 1.5576827106572726 2.9354446355870736 3.673705057475051 2.267370528136034 -1.3562705037434564 0.09753795975959867 -0.03968335932273277
Obstacle 8.215500548691228 1.6545265300175052 2.3020340201348306 107.45914191343715 9.174162969680802 8.025208058088134 1.318897478210411
Obstacle 3.2861855113394 1.7954664296021057 1.189975153206882 102.04404346408425 1.5422706371513575 3.465589332607827 -0.4937645856635975
Obstacle 14.373337726024314 1.8158566050655192 2.3584860215875025 101.42728437295237 4.023663773799299 7.74124069644412 -0.837596193260686
Obstacle 12.603511382915691 2.6697425366067296 1.88995232576847 67.17424114396363 6.729441007239757 8.289188974387018 0.008629470601046615
Obstacle 6.119620380540697 1.0162233016913509 1.5586041347221167 43.93021222433108 -13.373613807860174 4.789070058814694 -0.0012762865089130644
Obstacle 4.831821504762325 2.117777633529872 1.9710285793452014 26.75838416362287 9.165447668710533 2.859745164956196 -0.04785750250564133
Obstacle 5.944467221139567 1.3945038618202257 3.1230715563165092 48.10143457051517 13.770758286583604 6.050830713394356 1.0210176124166832
Obstacle 5.433276546819055 1.1807408083832311 2.2612223381908807 30.99133063500163 -25.765394580501543 2.3163301170649127 -0.05211139151719779
Obstacle 3.999197077076363 1.9105668139427374 3.5705937437867714 18.75282360654024 9.363429897824107 2.033237561431576 -0.03490658503988645
Obstacle 5.0899909198750635 1.3708730747557765 1.5225395428545727 16.43537269201711 -24.791760607273936 1.663781408969143 -0.057171476394814125
Obstacle 11.3811514301993 2.405835703653766 1.9507158897820136 94.19349849935153 7.366775524776561 8.520963407725148 -0.1442406534307377
Obstacle 6.7905553586237355 2.412118093862894 2.5200894930617768 92.9203365183348 4.7042295586607 6.209645800337214 -0.15634140649580258
Dust 1.3017819821834564 2.517837882041931 2.7855128943920135 2.3557154089212418 -1.459606945514679 -0.030283987522125244 0.0