Car 1.9753542444797345 2.9191262103202233 4.034228573758008 51.89430383025219 29.228532574069252 2.748638511659714 1.218070092932447
Obstacle 10.059041122598408 3.6331986010928192 4.3036078667227935 86.05642684826856 27.999519374582455 11.222538025169683 0.23561944901923565
Obstacle 8.215500548691228 1.6545265300175052 2.3020340201348306 58.86500657065881 12.40725286320503 6.790884509596742 0.8576980454530932
Obstacle 7.594387213751382 1.7001151835122523 7.162060111883668 51.813622680835465 6.457042595316629 5.87635396999216 -0.5408580938740225
Obstacle 10.249684252338067 1.8158566050655192 2.3584860215875025 53.59422968371277 7.634322472918774 6.67129402186156 -0.5849954005920738
Obstacle 2.0392424180073516 1.1025239308403774 1.0973297516631744 43.05402275936548 4.9754814658998665 2.307994690222089 -0.016391446989808264
Obstacle 6.603041410446167 1.9381649313073104 1.6473293008315424 18.705543629438182 8.701212391068971 3.1553180288251426 0.008629470601046615
Obstacle 5.916693598966072 1.608407088660617 8.876095349724244 22.236088880166434 -12.323950076941193 2.6453644890591512 -0.16971447949565904
Obstacle 0.9539163240443616 1.690598688964572 1.6444161499177008 22.95990503294804 -10.405246669292618 0.7095888041627412 -0.13257279347881926
Obstacle 8.612997181052455 4.8740885732213695 6.80219618606736 48.28338156551097 10.877081040593415 5.945735117793023 -0.1442406534307377
Obstacle 6.7905553586237355 2.150895148930214 4.7870080864670825 46.30983637496183 7.508312876475884 4.874191776669088 -0.17692631990033683
Dust 1.11497655271653 1.4031275776306091 2.861913063309428 1.411824820844767 -0.0922682878218436 -0.022876812643274208 -0.03968335932273277
Dust 0.8293539881706238 0.6669089794158936 0.6247649192810059 2.308785557746887 -0.093812495470047 -0.08474400639533997 0.0
Dust 0.1583620011806488 0.26744502782821655 0.15246199071407318 0.5577560141682625 -0.427885502576828 -0.03670899569988251 0.0