Obstacle 3.558842206175297 1.0917100819740118 0.5512430480888416 81.88281086932577 14.226685329132726 6.736136909396993 -0.468196326191634
Obstacle 2.83368394272163 1.334179478872589 0.6951821322656544 67.86263083327229 -7.32556108469516 5.838277083221966 -0.06504652752593273
Engineering 6.30497763784142 4.979745856611955 13.992697405403131 19.348820294379415 14.5900229585996 1.7782238634000802 2.428898544802354
Engineering 6.30497763784142 4.979745856611955 13.992697405403131 24.137150420488116 18.36018623565938 1.6739020933390734 2.43473430653209
Engineering 6.30497763784142 4.979745856611955 13.992697405403131 29.182512561417045 25.279577126817934 1.9903634641644736 2.4538079155540604
Engineering 7.294025969223237 4.979745856611955 13.992697405403131 34.42352288489499 31.199663911124066 2.6415453489064293 2.452187599052033
Pedestrian 1.8086887046903164 0.9929194472982206 0.7751175167583682 42.8756558796093 -35.40407164815518 -1.1403746284440264 -0.23561944901923448
Pedestrian 1.8741307331082369 1.1009532435020004 0.7751175167583682 43.94339307182851 -37.20580817198123 -1.2373952488941313 2.38237442897226
Pedestrian 1.8741307331082369 1.1009532435020004 0.7751175167583682 42.67879270217502 -36.85984611273953 -1.3173952488941314 -0.7592182246175332
Obstacle 1.3193127307854864 3.2184768634101495 1.4652257497314574 46.0086179931828 -34.35651729059389 -1.5304185312123786 -0.297578561049945
Dust 1.317619040608406 1.4808480739593506 1.7676973342895508 2.7683075666427612 0.14742198586463928 -0.1414955034852028 0.0