Obstacle 3.5 0.6001708208455022 2.635514119426672 4.410270074833115 6.858520624306289 0.7746142990802908 1.2329596543243966
Obstacle 3.5 1 1 25.961282564378266 40.32350741257626 2.9450728521918528 1.4451094206017674
Truck 3.447091347273484 3.2976799594267794 11.097768912083714 12.74182690492611 -5.092016007104818 1.2241614993598624 0.03054326190990092
Truck 4.019029055382093 3.2351722386705624 11.56263780990737 16.29220424205313 -0.8205207753748407 1.4785871392841508 -3.038709130287336
Dust 0.8944659978151321 1.0946966886653415 5.999422442055209 19.79399437157864 1.8748968162448922 0.4951819929480554 0.11839508000992675
Dust 1.7926851710221874 4.625826848460614 2.1643516810337147 1.9739114264422142 0.3898396802323987 0.04362352747062998 0.1620025437812227
Dust 1.647484004497528 1.9715289236911082 2.202567311391597 5.98719832176274 -5.127321719265228 0.2977860152721405 0.04907404202306709
Dust 1.002834975719452 0.6165480017662048 0.6747267246246338 2.3018414974212646 -0.1328040063381195 -0.06862348318099976 0.0
Dust 2.1821088790893555 2.2535338401794434 2.242805004119873 6.087863922119141 -5.314942359924316 0.4793475270271301 0.0
Dust 0.10135599970817566 0.15511095523834229 0.21008098125457764 1.6507294178009033 -1.197617530822754 -0.06090400367975235 0.0
Dust 0.45586299896240234 0.36524999141693115 1.0546226501464844 17.401676177978516 1.3684210777282715 0.4475935101509094 0.0
Dust 0.6208310127258301 0.4829350709915161 1.0511283874511719 22.224477767944336 2.0979056358337402 0.4519994854927063 0.0
Dust 0.11816900968551636 0.32764530181884766 0.6718254089355469 10.023453712463379 -6.201713562011719 -0.5749465227127075 0.0