Dust 1.8616453339143648 3.350753644099151 6.411889051690951 3.42678235916169 -1.0179239482015137 0.24232881126034983 -0.03973776134864828
Car 1.9753542444797345 2.9191262103202233 4.034228573758008 75.95643310283594 27.096393651698918 4.891405003636939 1.123015118147924
Obstacle 12.317235015104323 3.975369906897088 4.3036078667227935 109.8654877509789 25.98144332849006 14.476447538644596 0.23561944901923565
Obstacle 8.215500548691228 1.6545265300175052 2.3020340201348306 82.43559785834259 10.534165434506711 9.357715425620647 1.0882977618317522
Obstacle 10.343058550646504 1.6963798801157162 6.06584378137117 75.61699493412289 4.2788572993425245 9.103369428125884 -0.514766067942985
Obstacle 11.870503729584838 1.8158566050655192 2.3584860215875025 76.92192355904906 5.849517558255488 8.994342981959445 -0.7112957969263799
Obstacle 2.0392424180073516 1.1025239308403774 1.0973297516631744 66.72962973155363 3.3351685462490566 4.525754703923269 -0.01639144698980825
Obstacle 7.541397808930284 1.9381649313073104 1.6473293008315424 42.43141999347745 7.509940434623893 5.410039441879328 0.008629470601046615
Obstacle 4.461768688028923 0.9009447090148752 1.5432325353630651 20.073206004914056 -12.607083416103446 2.329992807374108 -0.0012762865089130644
Obstacle 4.060146141806598 1.3945038618202257 5.36980722719682 24.72668545625848 16.53171764564136 4.192232396079214 1.0210176124166832
Obstacle 11.137285446054307 4.498530205806465 5.02775204064692 70.61521071766356 9.368303795118784 8.557710428491887 -0.1442406534307377
Obstacle 6.949639057863423 2.150895148930214 4.866549936086926 70.16310102733632 5.727852559390158 6.286775453556224 -0.14201973486045025
Dust 1.664900004863739 1.6764891147613525 4.839581906795502 2.995538979768753 -1.2482515573501587 0.12430301308631897 0.0
Dust 0.15130600333213806 0.17371201515197754 0.6081790924072266 2.2665035724639893 0.44640499353408813 -0.4899219870567322 0.0