Engineering 6.812691115700722 4.706715934760899 13.99479604336956 158.3026270546012 16.132005278334425 7.971564769621059 3.0577506802488155
Engineering 7.098487156236784 4.706715934760899 13.886111521911927 161.3054520552614 22.402111740899542 8.817998750375779 3.0347432521260274
Engineering 7.242140679633119 4.706715934760899 13.455150951722919 163.3702498370754 30.738199722309286 8.621276913127925 3.021391240500551
Engineering 7.242140679633119 4.706715934760899 13.455150951722919 164.03793899864715 37.962777183356025 7.670089617512319 2.919302349111744
Dust 1.4464764622932973 4.385387778221817 3.5500092873390594 2.0113366482663495 -0.12453732116733063 0.012794634916652805 0.02617993877991503
Car 2.140469828339093 1.981120638778308 4.695937185276229 30.90473983601871 33.42725477774427 0.8357310868662623 0.026179938779914935
Car 2.140469828339093 1.981120638778308 4.695937185276229 30.196408861381137 25.42894853907589 0.9025125545819137 -2.9146998508305297
Obstacle 1.8423145004069863 1.1725002721666187 0.7067287219434133 31.89086034851141 29.443704127688637 1.0707791823545254 0.1308996938995747
Stone 0.6106132201127292 1.039930251470253 0.9340070425246841 35.26860864380353 12.85502388015686 0.3341437836037606 -0.3082763543056926
Stone 0.6439183260010176 0.7398612271653247 1.1165339862262718 10.023544229743502 12.160223519262985 -0.9192367590324212 -0.3579183214676106
Dust 0.31045398116111755 0.6519700288772583 0.735173225402832 4.81377649307251 -0.004129007458686829 0.50655198097229 0.0
Dust 0.024672001600265503 0.177232027053833 0.16295897960662842 1.5942974090576172 -1.3365739583969116 -0.19909900426864624 0.0