Dust 1.5059178855594522 1.3920122019962473 5.243269509880949 2.6354617353021825 -0.26960960713143955 0.1519727738584269 -0.03968335932273277
Car 1.9753542444797345 2.9191262103202233 4.034228573758008 61.725332604604745 28.3227099639784 4.057924201300342 1.2704299704922768
Obstacle 10.059041122598408 3.6331986010928192 4.3036078667227935 95.60285871257628 27.43267333599033 12.277765835541029 0.23561944901923565
Obstacle 8.215500548691228 1.6545265300175052 2.3020340201348306 68.49525415378639 11.51819212787359 8.220500743039505 0.9499379320045567
Obstacle 10.343058550646504 1.5187307860444599 7.250171075179544 62.05374648386367 5.261483101058038 7.949384190840735 -0.5273669573106174
Obstacle 10.898012043236776 1.8158566050655192 2.3584860215875025 63.358409700035224 6.600945600125321 7.600513605900714 -0.6355155591257962
Obstacle 2.0392424180073516 1.1025239308403774 1.0973297516631744 52.92891389286199 4.214316638629697 3.9451541353021913 -0.016391446989808267
Obstacle 6.603041410446167 1.9381649313073104 1.6473293008315424 28.441178229406557 8.26310809069562 3.9372798835722698 0.008629470601046615
Obstacle 2.479772415860534 0.6163706378685155 1.0965132138207505 6.840656133431025 -12.165318075171973 0.9508783214575734 -0.0012762865089130644
Obstacle 5.737868497331705 1.608407088660617 2.533777699054644 31.94995117464139 -12.976716062622472 3.922488219894728 -0.16971447949565902
Obstacle 0.9539163240443616 1.622083413924622 1.6444161499177008 32.115986050361606 -10.779948702100489 1.3395386310495832 -0.13257279347881926
Obstacle 9.570659074799089 4.760820901480926 5.3009794794134795 57.47273369065653 10.289304795780325 7.2354335705174275 -0.1442406534307377
Obstacle 6.7905553586237355 2.150895148930214 4.7870080864670825 56.01419221413265 6.590959289995111 5.9755039677748245 -0.17692631990033683
Dust 1.3448559492826462 0.9090689569711685 3.275574803352356 3.5990273356437683 -0.1741664931178093 0.07205001264810562 0.0
Dust 0.025019995868206024 0.078188955783844 0.08225095272064209 0.5477885007858276 -0.5207414627075195 -0.09778399765491486 0.0