Car 1.9753542444797345 2.9191262103202233 4.034228573758008 31.696609651271032 30.484151006907222 2.106795035839841 1.1264403072027451
Obstacle 9.597227157259912 3.6331986010928192 4.3036078667227935 66.45544110429546 30.657680590270047 9.404216911807183 0.23561944901923565
Obstacle 8.723229854041303 1.749018636006081 2.401253078736464 76.56403176245819 -5.654617549274172 8.624755412626577 -0.5744956426442234
Obstacle 6.754548925171962 1.150905324025533 2.460670795546234 38.94130655963174 14.131659544450137 4.994960770122707 0.8115781021773623
Obstacle 4.79192940644314 2.085567386089705 6.439721347524767 32.554795653858626 7.566300556438405 3.32623083771171 -0.49366387379107274
Obstacle 5.642752223182464 1.8158566050655192 2.2053378450964 34.03170818339813 9.119384037047649 3.7403922764402977 -0.4861367450896217
Obstacle 2.0392424180073516 1.1025239308403774 1.0973297516631744 23.55979693842974 6.147477599725679 1.5831343063023613 -0.0163914469898083
Obstacle 5.916693598966072 1.608407088660617 2.335667682543578 6.362591459282255 -11.600425420344507 2.053695129162544 -0.16971447949565888
Obstacle 1.1594621491642119 0.8341577509651956 0.7631781354309837 6.725459942156241 -12.25539674711526 -0.08895262522399268 -0.13257279347881926
Obstacle 5.8362763488940645 4.134088586588642 5.0264936789625 27.572205115267263 12.577468800676616 3.438629335532515 -0.1442406534307377
Obstacle 5.2991456782516675 2.150895148930214 4.018149164827891 26.36772205143454 8.772563143716805 2.92531641499796 -0.17692631990033683
Dust 0.9823377628037877 1.5244232136900682 2.391359414559501 1.3238414901231188 0.06145376259452576 -0.04370793546896509 -0.03968335932273277
Dust 0.7158939838409424 0.6350939869880676 0.2853260040283203 2.160996913909912 0.18561199307441711 -0.0844469964504242 0.0
Dust 0.0177839994430542 0.008656024932861328 0.004517018795013428 0.5095155239105225 -0.48947399854660034 -0.0914819985628128 0.0