Dust 1.4076698845052842 1.9601933618299812 2.9907520226120665 2.5403612920085514 -2.2191094205813227 0.04244549678469381 -0.03968335932273277
Obstacle 8.215500548691228 1.6545265300175052 2.3020340201348306 116.39306336399795 10.69109103801145 8.849091647307915 1.4111373647618746
Obstacle 3.2861855113394 1.7954664296021057 1.189975153206882 110.92783188728843 2.9769692512983683 4.964465158622404 -0.4853639927518426
Obstacle 14.373337726024314 1.8158566050655192 2.3584860215875025 110.71824283908973 5.648533723141361 9.610454961305816 -0.8881163517944082
Obstacle 13.727033572182219 3.035531339256439 2.0112638382369337 76.00696419158612 7.691534702166734 9.131872832795661 0.008629470601046615
Obstacle 9.293206028646654 1.0162233016913509 1.9434674625120927 53.60365596466909 -12.987161696612134 5.793686637094245 -0.0012762865089130644
Obstacle 5.510997800468941 2.117777633529872 1.8012345054185475 35.83546701586811 9.227034582241656 3.7645963232899047 -0.04785750250564133
Obstacle 6.362253890537815 1.3945038618202257 3.3319648910156334 56.581813662104274 13.29617310344809 7.0047252310375585 1.0210176124166832
Obstacle 5.685113196542011 2.2583774377064896 5.387290306001303 28.092621214121408 9.369664198415276 3.067916632619318 -0.03490658503988645
Obstacle 5.0899909198750635 1.3708730747557765 1.5225395428545727 25.920508060192635 -24.15779256682434 1.7310659006342846 -0.057171476394814125
Obstacle 6.0017234933915615 1.9266081931839167 1.94627933660291 22.590914338112235 -29.823004919342154 2.364894730475688 -0.005161551994509184
Stone 0.5009891596227476 0.8599919786755786 0.8648529267110905 14.4086782238597 -16.30217357340049 -0.2489722633746117 -0.03329073351668447
Obstacle 11.981065582265465 2.8810260107772447 3.443632659349393 103.04901510003488 9.2079876762823 8.354069283508645 -0.1442406534307377
Obstacle 6.7905553586237355 2.3751606911084724 2.880750977951888 102.25230067229556 5.999108909205444 5.84605672647705 -0.21243130097255292
Dust 1.0340840220451355 1.5123466849327087 2.5976510047912598 2.4595584869384766 -2.2829634249210358 -0.1430950164794922 0.0