Dust 1.9977485113262332 3.4142204267400715 4.48425863502907 3.173290114915515 -1.1625654154410996 0.28012555751720236 -0.03972112533602879
Obstacle 8.215500548691228 1.6545265300175052 2.3020340201348306 111.92610263871757 9.932627003846164 8.437149852698026 1.365017421486143
Obstacle 3.2861855113394 1.7954664296021057 1.189975153206882 107.03566703115212 1.629239869903472 4.28489215457025 -0.48956428920772005
Obstacle 14.373337726024314 1.8158566050655192 2.3584860215875025 106.072763606021 4.836098748470249 8.675847828874968 -0.862856272527547
Obstacle 13.727033572182219 3.035531339256439 2.0112638382369337 72.15658781846179 6.876059530079282 8.692567185300966 0.008629470601046615
Obstacle 7.706413204593676 1.0162233016913509 1.7510357986171046 48.7669340944999 -13.180387752236129 5.29137834795447 -0.0012762865089130644
Obstacle 5.171409652615633 2.117777633529872 1.8861315423818743 31.29692558974557 9.196241125476035 3.3121707441230503 -0.04785750250564133
Obstacle 6.362253890537815 1.3945038618202257 3.3319648910156334 52.73241714376482 13.324611905863453 6.272660605043336 1.0210176124166832
Obstacle 4.772139496235885 1.9105668139427374 4.55433864089889 23.788776494935284 9.486571896320028 2.5071340441383696 -0.03490658503988645
Obstacle 5.0899909198750635 1.3708730747557765 1.5225395428545727 21.28453623862092 -24.629890357192437 1.7310659006342846 -0.057171476394814125
Obstacle 6.0017234933915615 1.9266081931839167 1.94627933660291 18.710897209823578 -29.80297783134324 2.364894730475688 -0.005161551994509184
Stone 0.5009891596227476 0.8599919786755786 0.8648529267110905 10.390716531560434 -16.399420635945546 -0.5676094448735195 -0.03329073351668447
Obstacle 11.3811514301993 3.356216317900723 3.1386916575907096 99.48185740942158 8.242409362638968 8.287537807600355 -0.1442406534307377
Obstacle 6.7905553586237355 2.3936393924856834 2.700420235506832 97.58631859531488 5.35166923393308 6.027851263407133 -0.18438635373417775
Dust 1.703913003206253 2.936038166284561 3.993967056274414 3.098935604095459 -1.1505270451307297 0.10118149220943451 0.0