Dust 1.5774414830489105 5.290030958208108 3.3749736836561675 2.9837980161525066 -0.13070413822562704 0.0805428638100325 -0.03972112533602879
Obstacle 8.215500548691228 1.6545265300175052 2.3020340201348306 120.86002408927871 11.44955507217687 9.261033441917807 1.4572573080376063
Obstacle 14.373337726024314 1.8158566050655192 2.3584860215875025 115.48010478898141 6.555599893646331 10.545062093736664 -0.9133764310612694
Obstacle 13.727033572182219 3.035531339256439 2.0112638382369337 80.8227112614506 8.515340719095025 9.571178480290357 0.008629470601046615
Obstacle 10.879998852699634 1.0873235943863704 2.1358991264070806 58.440423206997856 -12.758385523594526 6.2959949262340205 -0.0012762865089130644
Obstacle 6.624063664646343 2.117777633529872 1.8012345054185475 40.44610357799593 9.694542034375218 4.638457351953278 -0.04785750250564133
Obstacle 6.362253890537815 1.3945038618202257 3.3319648910156334 61.73993560324981 14.556810039903851 7.422108477254139 1.0210176124166832
Obstacle 5.685113196542011 2.2583774377064896 5.387290306001303 32.802696257013196 9.779704919045324 3.4920941380413 -0.03490658503988645
Obstacle 5.0899909198750635 1.3708730747557765 1.5225395428545727 31.025916821331975 -24.091931793068852 1.8746061495199198 -0.057171476394814125
Obstacle 6.0017234933915615 1.9266081931839167 2.1571847025233737 28.579957031365993 -29.853917949125506 2.681252779356383 -0.005161551994509184
Stone 0.5009891596227476 0.8599919786755786 0.8648529267110905 19.411666425892708 -16.132044636623345 0.0986319346241968 -0.03329073351668447
Stone 0.441943672459647 0.5542496086215635 0.7049440434580463 10.224802291820387 -18.514139043425402 -0.6526500918587957 -0.0788602698060681
Obstacle 11.981065582265465 2.8810260107772447 3.443632659349393 107.78048652991401 10.06287977694467 8.750111173268635 -0.08428948683324491
Obstacle 6.7905553586237355 2.3751606911084724 2.880750977951888 106.90726838385126 6.522443900814437 5.887774677275543 -0.010619333990849848
Dust 1.1808899641036987 1.0216891169548035 1.7693902254104614 2.4687591195106506 -2.207580476999283 -0.19525998830795288 0.0
Dust 1.2289149910211563 1.046125054359436 3.04142564535141 3.2617558538913727 1.80292147397995 -0.09743648022413254 0.0
Dust 0.03519594669342041 0.020560026168823242 0.15281987190246582 3.3582358360290527 -0.76249098777771 0.6323480010032654 0.0