Obstacle 7.052613646304049 1.010024365444297 1.567092626585715 80.30094281197955 -0.5496189644453309 9.361492893633564 3.1211378393800935
Obstacle 2.161067328789727 1.0341578073032145 0.9975014697663682 47.308026158159116 -6.072662815569272 3.0217623346189493 -2.9971562991913103
Obstacle 7.408518978965444 1.3506788628806834 1.8931035145048511 33.53303517905754 -7.038428834006771 4.977017970912632 -3.065682489177875
Obstacle 2.620942286544578 1.1558547481809602 1.3167114360527163 20.135476958450557 -8.360111578080607 1.895471940770328 -3.0136018417768757
Obstacle 6.616081160705921 2.400224826174287 1.9158803682519445 26.53465743734782 -13.238754703181977 4.992269870077915 -2.9811891914784026
Obstacle 2.189866516716759 2.514346429631228 0.9015420972647332 45.89002226675794 12.859265663130024 2.5222223712515905 -2.9770245515330926
Obstacle 5.284176957595591 1.0278485311699306 1.085399694299715 29.009486395257134 12.464323549421074 3.402957504981878 -3.065842017455784
Obstacle 1.4102471956304896 0.5360853258764131 11.368607151043117 9.493836043001902 11.894537501214108 0.14414981464903825 -3.0116235287728927
Obstacle 1.7634090377810445 1.8232719279283085 1.6657506542005764 5.416416047471451 4.867179677298747 0.2239659382502363 -3.0630528372500487
Obstacle 5.670000817030825 1 1 92.49201218042928 24.082934132885562 13.800950457893714 3.0912632427083357
Stone 0.9744478682817689 1.5104860651792846 1.3660706701179315 33.231803504698775 -15.152675044410294 3.8862766306040637 2.6974420948252837
Dust 0.08436602354049683 0.031993985176086426 0.18488097190856934 3.9734363555908203 0.7493190169334412 0.7635209560394287 0.0
Dust 0.1043190062046051 0.13423001766204834 0.3958258628845215 2.8911139965057373 1.1771719455718994 0.3652074933052063 0.0