Dust 1.3269026452831216 4.113257317774194 2.0665259182363283 2.3596788329839784 0.22528728253748997 0.0006793508002808368 0.0037733812989247588
Obstacle 1.6106540300303882 1.8207146250625776 1.1547046816257407 23.88819664568382 3.6272753018465664 4.435839292426043 0.06108652381980153
Obstacle 2.2369960325165605 0.6957162126375618 0.9023948256442363 25.93337501964197 2.3096958530959455 4.779571838342963 0.14973951214039213
Obstacle 1.3668261274141653 0.655477935758915 0.7234412818431987 25.988159264069818 3.3124959123054247 4.404344697625743 -0.07351985028417744
Obstacle 1.6232964294080392 1.6282915429737 1.0405152301536835 29.240632952155465 1.5629820694362024 4.1432282050909865 -0.008726646259971679
Obstacle 2.44413196284301 0.886352488199028 0.75780651468449 22.28884594013539 -10.237478128460225 3.3160420022344934 1.387536755335492
Obstacle 2.4758742347938547 1.4924110630752825 1.3894497227150424 28.121168411390954 -8.187548025841807 3.7783478078259773 -2.2252947962927703
Obstacle 2.037829527216638 0.6566545393394909 0.6576387193295047 22.339313659614163 -35.142469464497026 3.513810992213353 2.2776546738526
Obstacle 2.756317344592272 1.5295568640581014 1.4996211783346531 39.51561250939767 7.663637591528641 7.816223408228705 -0.07853981633974527
Obstacle 2.8484206491154955 3.931694356287743 1.4991822725835482 50.55803114616083 -15.854839086966422 7.282379527585274 -0.02808997619246222
Obstacle 3.5600973650472363 2.235646235030888 1.4016338342955283 83.24601412657785 -7.349610636044417 6.1787296026337 -0.05333481376864286
Dust 1.1287879794836044 2.1287099719047546 1.2478618621826172 2.2668399810791016 0.4028109610080719 -0.011477001011371613 0.0