Stone 0.8326129267452038 0.6700645093887667 0.7121032150220267 32.90136050282126 -0.7272742760374333 -0.5920720883725985 -0.0052797826782207125
Stone 0.9718880754802349 0.5678510990372211 0.5377247577705351 63.87170927539182 -8.560277193041841 -0.4533182383074088 1.2092440145163046
Car 1.6815105110505055 2.1862472639506825 4.456880397609242 41.940342775863975 -9.146826639356629 0.08840358104437568 -0.5427728528550118
Dust 2.7141097557255596 9.316742696393446 11.226035347680623 5.803729547225885 -0.3061756499560033 0.96189961523301 -0.6695968380781366
Dust 1.5804713821424456 1.5828645315390841 7.645634421747939 24.097640586565095 -2.8282137038277653 0.2412843179696097 0.014188403393922577
Dust 1.1108470112085342 2.654893010854721 3.331217050552368 2.7258914709091187 0.7478105574846268 0.1647764965891838 0.0
Dust 0.36379796266555786 0.17602992057800293 1.0262417793273926 6.0150041580200195 3.016955852508545 1.0844060182571411 0.0
Dust 0.35071301460266113 0.5188559293746948 0.35800492763519287 1.1073155403137207 -1.8162639141082764 0.13243049383163452 0.0
Dust 1.3648829460144043 1.8665800094604492 1.0842266082763672 10.786334037780762 -0.2464050054550171 0.7831845283508301 0.0
Dust 1.3062169551849365 0.5494189262390137 0.8008060455322266 20.709266662597656 -2.4369914531707764 0.3707815110683441 0.0
Dust 0.3003299832344055 0.19176101684570312 0.2483043670654297 27.80437469482422 -3.4500374794006348 0.8813550472259521 0.0