Obstacle 3.558842206175297 1.0917100819740118 0.5512430480888416 72.2567165147904 9.032609181861298 5.816155376074986 -0.8886221942558661
Obstacle 2.83368394272163 1.3448667208623897 0.7165566162452561 56.61025558406367 -11.489549678865695 4.977307233616965 -0.016291235416005388
Engineering 6.30497763784142 4.979745856611955 13.992697405403131 9.827584567699432 13.507017157764949 1.489394679373608 2.4084575307199154
Engineering 6.30497763784142 4.979745856611955 13.992697405403131 14.477182760950882 17.68862284597435 1.4975879867892665 2.4041450578610988
Engineering 6.30497763784142 4.979745856611955 13.992697405403131 19.76280344512793 24.07189190806639 1.3351420919052535 2.382218065346186
Engineering 7.294025969223237 5.441720290207926 13.992697405403131 25.875309315811865 30.653810574486673 1.4381122118230738 2.2727700743021884
Pedestrian 1.916084119371074 0.9929194472982206 0.7751175167583682 29.672721100791517 -37.906535940288315 -2.11491326270128 -0.8488748206575634
Pedestrian 2.006332797239387 1.1009532435020004 0.7751175167583682 30.52132260927301 -39.842192009662185 -2.0257991933810744 2.231561648941243
Pedestrian 1.8741307331082369 1.1988806984139635 0.7751175167583682 29.394948009950873 -39.62708360054522 -2.0934300908148424 -0.9527755553557596
Obstacle 1.3193127307854864 3.1242708727538906 1.496627746616877 32.92752016280526 -37.056908960405686 -2.17266257716312 -0.5112523441459377
