Truck 4.490044809462973 4.0185476489503005 10.120826768872643 17.13717559738643 -18.62025571664026 1.145022404731487 -1.572603131343946
Obstacle 2.3452137553281127 4.554237750673003 2.364209281094643 39.575382362646906 27.414908067721626 0.529492844066466 0.03852028584930249
Obstacle 1.302366060118015 1.347732031097282 1.9292402535440916 69.76980910228144 17.429486447884074 0.28145215218876185 1.9058017164397256e-08
Obstacle 1.3803824360184236 1.8333500198703532 1 80.64244723385559 15.861042306040417 0.6698087819907892 1.9058017164397256e-08
Obstacle 1.9670500450546557 3.463978607197593 4.788178078795008 98.2765573376978 21.525897423746983 1.1861559795447378 0.024065573740426977
Obstacle 6.479501774595196 1 1 36.775135446348486 15.998305069101662 2.2428583138023797 -0.004986652837497774
Dust 1.8301460146903992 3.640732765197754 4.301422834396362 4.853963494300842 -2.4325084686279297 -0.23846498131752014 0.0
Dust 2.1571030616760254 1.9570729732513428 3.962594985961914 10.416852951049805 -1.4630805253982544 -0.017096519470214844 0.0
Dust 0.31745201349258423 0.15713202953338623 0.18326091766357422 14.860671997070312 -0.969186007976532 -0.36446401476860046 0.0
Dust 0.946943998336792 0.48710697889328003 0.7019557952880859 18.546306610107422 -0.7714024782180786 -0.4054579734802246 0.0
Dust 0.9374780058860779 0.6192049980163574 0.967717170715332 16.361696243286133 0.19237250089645386 -0.5054910182952881 0.0