Car 2.2831322322844128 2.0907604328451495 4.548947309542385 15.247931475092741 2.122529523730009 -0.6617092376517104 0.1680384288943562
Stone 0.6747270247762928 0.9418547773890847 0.9456124895903539 25.32078409877942 20.061021008292393 -2.2526013600637804 -0.1650845521927164
Stone 0.6 0.780656803614552 0.9795011538893356 39.891165718673626 22.048839199766633 -2.020014469147072 2.661627109291353
Stone 0.37702217757116474 0.48675406290898604 0.6 36.2284763391531 13.354885369724768 -3.3043713702804838 -0.10898515155643085
Stone 2.3669479843560466 2.6671992363368435 2.596702264302993 75.72903182044479 16.553714184822752 -1.8300015264364335 -0.12302588769630696
Stone 2.783735304862071 2.683421530533927 2.7563145317222464 76.68826953165146 56.74888827808152 3.6518001452084095 0.08175227986612255
Stone 1.5432641682263735 1.6857741658345282 2.9201892537472482 30.323210849954183 39.482614505714906 2.352562371206607 -0.3760414819933039
Stone 1.4287182192526933 1.799984850266074 3.7672850120614516 27.572499778917056 41.148722490369494 2.238776421482507 0.28859351810546385
Obstacle 2.5758725014594135 0.8450035056881979 0.7607817095735722 55.585976119862146 -9.770940692675824 -4.536488561424975 -0.4921905141626852
Dust 0.32078606528089815 0.41900433335365644 0.21375464308195305 12.693062582748496 2.4343139360787838 -1.4463046921036782 0.15474711871351876
Dust 1.0963309407234192 1.2683309614658356 1.7418220043182373 7.316424012184143 1.0471484512090683 -0.7254584729671478 0.0
Dust 0.2133340835571289 0.5454250276088715 0.8663878440856934 15.699498414993286 0.9224124699831009 -1.6912620067596436 0.0
Dust 0.30321502685546875 0.22582197189331055 0.34383201599121094 12.557930946350098 2.496082067489624 -1.4063245058059692 0.0
Dust 0.0038160085678100586 0.03440713882446289 0.02556014060974121 3.6903839111328125 2.2764525413513184 -0.4165399968624115 0.0