Truck 3.377898485336896 2.714644647191263 8.601460966998857 33.062992147054956 5.130880010127839 0.08094729526549382 1.5969762655748116
Pedestrian 1.910646678830505 0.9807032300510037 0.8335294168349815 13.159134717752343 3.5837318782494956 -1.0806642136843765 0.17840714333634833
Pedestrian 1.923743351195289 0.9196043898968422 0.8104819884677503 13.60270998550186 -2.528536497729988 -0.9424393595371116 -3.0630528372500483
Dust 3.5185877077098597 6.765357192653196 6.943741133149136 8.46024112703617 0.17160825192218 -0.012716829395090931 -3.065050398604208
Dust 3.301673090153229 3.185004205351079 4.7024931843283895 13.533920011403556 0.2471372160956341 -0.20929048064860067 -3.0703829250580905
Dust 1.0518399890700185 1.174040151369788 1.0633214612530553 6.780188479267508 3.507363746484316 -0.7519119317408403 1.5892957924281168
Dust 1.5442807391983082 1.8742289582026956 0.9966956851823344 4.947832660629 3.816768772184964 -0.5915247716523321 1.6017350494975096
Dust 1.260113000869751 3.436263084411621 3.527863025665283 2.8007686138153076 1.267960548400879 -0.003255486488342285 0.0
Dust 0.7989699840545654 0.5428910255432129 0.9514932632446289 5.7760515213012695 -0.7722765207290649 0.09273900091648102 0.0
Dust 2.6011320650577545 3.1431729793548584 1.7710437774658203 12.60703182220459 0.19429445266723633 -0.41702501475811005 0.0
Dust 0.525657057762146 0.4587676525115967 1.2544136047363281 4.655941963195801 4.193967819213867 -0.5968754887580872 0.0
Dust 0.4799000024795532 1.106597900390625 0.5460615158081055 10.357295989990234 -0.48931798338890076 -1.4851820468902588 0.0