Car 2.2831322322844128 2.0907604328451495 4.548947309542385 17.969121039220543 2.0052419062198457 -1.355164999245111 0.08259001759880016
Stone 0.6747270247762928 0.9418547773890847 0.9456124895903539 21.55122830818104 18.434427115673596 -2.6601158635781825 0.02074301673381527
Stone 0.6 0.780656803614552 0.9795011538893356 36.18234092078212 19.513400838952197 -2.4717278406842107 2.661627109291353
Stone 0.41867018596667815 0.6 0.7285422780778061 25.906300510915862 11.216478188346377 -3.2429851356339197 -0.390072207411144
Stone 0.37702217757116474 0.48675406290898604 0.6 31.99450109132285 11.13529690627811 -3.4838953167312043 -0.10898515155643085
Stone 0.6 0.6 1.195603531703639 59.00233815177926 22.14712326141807 -2.282818214767646 -0.3290209408719022
Stone 2.3669479843560466 2.6671992363368435 2.596702264302993 71.37997349100135 12.061820358553877 -2.2927973855308172 -0.18602136538547714
Stone 2.783735304862071 2.683421530533927 2.7563145317222464 74.91500131903135 52.46316092959796 2.110178959292462 0.08175227986612255
Stone 0.6 0.9367477099041489 3.0074854630710552 66.21325836962568 15.014714764710074 -2.78294284999026 -0.3649675004769473
Stone 1.5432641682263735 1.6857741658345282 2.9201892537472482 27.73976370841737 37.56620099973348 1.3282845988665013 -0.4357190160523808
Stone 1.4287182192526933 1.799984850266074 3.7672850120614516 24.778599006070838 39.43225266780431 1.0204064673123399 0.33502260249671445
Obstacle 2.5758725014594135 0.8450035056881979 0.7607817095735722 50.06208767719583 -12.967528158527164 -3.8371563732398117 -0.4921905141626852
Dust 0.5605299472808838 1.1022659540176392 1.6457672119140625 14.10193920135498 1.3049230575561523 -1.868791937828064 0.0