Car 2.5267749676340308 2.301554290912593 4.673860730498268 21.83612518251998 -0.9814514160353535 -1.3626490849070905 -0.2617993877991495
Stone 2.552862331074574 2.6720382662520303 2.8530401441139306 60.84508808002777 4.81722953874717 1.2149282791117797 -0.011253346882730497
Stone 3.48323871641318 2.3299005501401413 4.186374441138784 68.18235374383357 45.33373473737538 7.772715436449475 -2.3196840686198583
Obstacle 3.426262550305428 1.3572288372028278 1.3802403771225427 37.24391596610639 -17.742420144774375 -2.3427806061562975 -0.9512044423369098
Stone 0.6315766658162261 0.9463861593148394 1.0572553654725416 26.5962501806194 15.957589700081343 -0.38362266352895913 -0.16521827211599005
Stone 0.36821386162355846 0.5165644558569243 0.6799447482167156 21.423580813519013 7.966535230327835 -1.8493780860110358 -0.16521827211597206
Stone 0.47693314888471705 0.7728513214775832 1.2050486200390034 15.395039412908988 8.64863349022409 -1.7850108735666734 -0.6767475027037083
Stone 0.7401624265138302 0.8115990443600648 1.1361705033967562 11.822394823225697 16.20861587877246 -1.1658208100585146 -0.32505024744550615
Dust 1.7770709991455078 2.414825916290283 2.375783920288086 19.300506591796875 0.3688589930534363 -1.4339935779571533 0.0
Dust 0.30903100967407227 0.6143201589584351 0.1952686309814453 17.352298736572266 2.2034189701080322 -0.6660584807395935 0.0
Dust 1.0145671367645264 1.0252399444580078 1.7560901641845703 14.436141967773438 3.0983030796051025 -1.1649274826049805 0.0
Dust 0.4905130863189697 0.9074380397796631 1.0743522644042969 22.137998580932617 -2.849386215209961 -2.2000603675842285 0.0
Dust 0.016121983528137207 0.14656603336334229 0.15482139587402344 16.841659545898438 1.1104700565338135 -1.7329061031341553 0.0