Car 2.2831322322844128 2.0907604328451495 4.548947309542385 25.59887769944467 -10.051114053930291 0.7008431411818425 -0.34807603550181593
Stone 2.3669479843560466 2.6671992363368435 2.596702264302993 29.889246982989185 17.01354037447132 2.5781355272813404 0.06565147664949696
Stone 0.3811198408104532 0.5512537654114673 0.760512116739001 24.476595762626648 7.775045938861522 0.6086271904596242 -0.03854633998636858
Stone 0.28469467645992697 0.7601009367400126 0.6 20.961259049538967 10.56470796388112 0.63717706041746 -0.038546339986376355
Stone 0.29403650690150623 1.1172993152921695 0.5891885535724151 7.578001658202511 2.04426105903851 -1.1052575400513787 -0.35019581318653065
Stone 0.22100797358882995 0.4385547412629897 0.45675103962816177 15.436152945232909 -2.3043228195836 -0.7349351207492479 -0.3449298249631761
Stone 0.6 0.9367477099041489 3.0074854630710552 24.35856299751432 19.68679119612375 1.729779802088367 -0.20755577300635158
Obstacle 2.5758725014594135 0.8450035056881979 0.7607817095735722 13.241993299869463 -11.056955957882248 0.2648710349011838 -0.4921905141626852
Dust 1.8598152512222166 1.3262982413106816 2.11938691834746 24.001351040359445 -7.610926324718568 0.8013961298115577 -0.42121153444461024
Dust 2.070573091506958 2.2640061378479004 2.115612030029297 23.340020179748535 -8.104633331298828 0.5071974992752075 0.0
Dust 1.180317997932434 2.6400742530822754 1.0873832702636719 13.054224967956543 -6.481022834777832 -0.5051229596138 0.0