Truck 4.490044809462973 4.0185476489503005 10.120826768872643 19.481154645493064 -18.84939846189667 1.3296131357871872 -1.572603131343946
Car 1.5653857482532516 1.8725448089438652 4.604250901138933 34.412205923123466 -3.816104486022426 0.4095738393594753 0.03490658503988645
Dust 0.4560499971720116 0.47599567293662404 0.5386031167210776 18.54740477119094 -3.2287538648201917 0.27003745507185883 0.04151887026261504
Obstacle 2.3452137553281127 4.554237750673003 2.364209281094643 42.16642928371899 27.12796702188444 0.7640142195992771 0.15390594195337204
Obstacle 1.302366060118015 1.347732031097282 1.9292402535440916 72.2251431458388 17.204714563109736 0.7869696121470056 1.9058017164397256e-08
Obstacle 1.3803824360184236 1.8333500198703532 1 83.10793087229104 15.859610448722378 0.9764675186282019 1.9058017164397256e-08
Obstacle 1.9670500450546557 3.463978607197593 4.788178078795008 100.49059429282232 20.87938333539642 1.5950448684336271 0.024065573740426977
Obstacle 6.479501774595196 1 1 39.17953918791585 15.844921570416588 2.723781334405669 -0.004986652837497774
Dust 0.046070002019405365 0.32801389694213867 0.124114990234375 3.6925625801086426 -6.180229187011719 -0.11881899833679199 0.0
Dust 1.5968120098114014 2.8587169647216797 3.881610870361328 4.099299430847168 -2.8905725479125977 -0.24935698509216309 0.0
Dust 0.9802730083465576 0.7622275352478027 0.6006350517272949 5.558646202087402 -6.128021240234375 -0.3502824902534485 0.0
Dust 1.3824779987335205 2.036915898323059 0.9806013107299805 10.286972045898438 -2.8457749485969543 -0.3440049886703491 0.0
Dust 1.3170959949493408 1.3031600713729858 0.9521336555480957 8.145663261413574 -2.2956509590148926 -0.40906596183776855 0.0
Dust 1.470365047454834 1.3546100854873657 1.357900619506836 12.269360542297363 -2.331484079360962 -0.25426849722862244 0.0
Dust 1.0108990669250488 0.8616460561752319 0.9616060256958008 15.838712692260742 -2.2419979572296143 -0.4041465222835541 0.0
Dust 1.2378309965133667 1.7280651330947876 0.9547462463378906 19.960460662841797 -2.3404386043548584 -0.19751548767089844 0.0
Dust 0.044639989733695984 0.13114404678344727 0.04155731201171875 18.601261138916016 -3.2307350635528564 0.26588699221611023 0.0
Dust 0.6027399897575378 0.31621694564819336 0.5741758346557617 7.081128120422363 -5.180597305297852 0.039097994565963745 0.0