Truck 4.490044809462973 4.0185476489503005 10.120826768872643 17.13717559738643 -18.62025571664026 1.145022404731487 -1.572603131343946
Obstacle 2.3452137553281127 4.554237750673003 2.364209281094643 39.57914088716984 27.460629105393537 0.5435641265984347 0.03852028584930249
Obstacle 1.302366060118015 1.347732031097282 1.9292402535440916 69.76980910228122 17.429486447884074 0.28145215218876185 1.9058017164397256e-08
Obstacle 1.3803824360184236 1.8333500198703532 1 80.64244723385582 15.861042306040417 0.6698087819907892 1.9058017164397256e-08
Obstacle 1.9670500450546557 3.463978607197593 4.788178078795008 98.2765573376978 21.525897423746983 1.1861559795447378 0.024065573740426977
Obstacle 6.479501774595196 1 1 36.77902662217912 15.995945748557915 2.270216210184004 -0.004986652837497774
Dust 1.6732349395751953 3.366745948791504 4.217347145080566 4.9735554456710815 -2.381474018096924 -0.11930647492408752 0.0
Dust 1.8248529434204102 1.5069050788879395 3.758922576904297 10.487789154052734 -1.322340488433838 -0.15520450472831726 0.0
Dust 0.2048729658126831 0.576673150062561 0.7233505249023438 17.34670066833496 -2.1815075874328613 1.4453885555267334 0.0
Dust 1.0548580586910248 1.5382660031318665 2.7415266036987305 17.583248615264893 -0.2288689911365509 -0.40727101266384125 0.0
Dust 0.36144697666168213 0.04110598564147949 0.24089431762695312 14.694746017456055 -0.9578390121459961 -0.5327824950218201 0.0