Truck 3.377898485336896 2.714644647191263 8.601460966998857 33.062992147054956 5.130880010127839 0.08094729526549382 1.5969762655748116
Pedestrian 1.910646678830505 0.9807032300510037 0.8335294168349815 13.27297381120718 3.459536240129637 -1.04501411588104 0.17840714333634833
Pedestrian 1.923743351195289 0.9196043898968422 0.8104819884677503 13.450134586390618 -2.6301025600414505 -0.9401782163936134 -3.0630528372500483
Dust 3.5185877077098597 6.765357192653196 6.943741133149136 8.46024112703617 0.17160825192240736 -0.012716829395090931 -3.065050398604208
Dust 1.7504983347218863 4.115812829397727 3.799994810012406 13.057283839919961 0.5869710096884709 -0.9848778583642719 -3.0703829250580905
Dust 1.7336286613919787 1.344996534806162 4.450691609662 6.542384191916782 3.454313587770122 1.4816387841183374 -3.0524443900314147
Dust 0.7455542081594726 0.3899202478880835 0.5164302071095908 8.212121342830052 4.9149189539771205 -0.8217958277756531 1.5019253326849777
Dust 1.0518399890700185 1.174040151369788 1.0633214612530553 6.9492664017639925 3.7019809841715703 -0.7246649654488164 1.6834199221384278
Dust 2.7172829806804657 7.284862160682678 6.7888360023498535 4.987106084823608 1.5806412100791931 0.10805650055408478 0.0
Dust 0.33421897888183594 0.3811349868774414 0.1323871612548828 12.320608139038086 2.3096494674682617 -0.4514074921607971 0.0
Dust 0.22442901134490967 0.05029296875 0.09167098999023438 12.926041603088379 -1.2005895376205444 -1.1077725887298584 0.0
Dust 0.17097997665405273 0.016125917434692383 0.0791463851928711 10.057849884033203 1.793421983718872 -1.3522900342941284 0.0