Truck 3.377898485336896 2.714644647191263 8.601460966998857 33.062992147054956 5.130880010127839 0.08094729526549382 1.5969762655748116
Pedestrian 1.910646678830505 0.9807032300510037 0.8335294168349815 13.281226632896606 3.288625404364811 -1.0602462090900044 0.17840714333634833
Pedestrian 1.923743351195289 0.9196043898968422 0.8104819884677503 14.676000086245931 -2.2584952253572674 -0.9841375605466235 -3.0630528372500483
Dust 3.5185877077098597 6.765357192653196 6.943741133149136 8.46024112703617 0.17160825192240736 -0.012716829395090931 -3.065050398604208
Dust 2.880504442584699 4.291102108924393 3.799994810012406 13.064178043506102 0.49031923631878854 -0.4198748044328656 -3.0703829250580905
Dust 1.0740429954581427 0.9041540997324513 1.0632345938721741 12.18724314947514 2.897248571607081 -1.3800731592759792 2.17293491873294
Dust 1.1557872474144513 1.130872101463586 1.4020253137621155 2.695780906159321 2.8939588097333693 0.032971700334551574 0.005017755410566986
Dust 1.317446991801262 3.366170048713684 4.01047682762146 3.2490724325180054 1.918271005153656 0.11226149648427963 0.0
Dust 2.781674861907959 6.149923801422119 4.1420769691467285 11.051639318466187 0.10050201416015625 -0.5164194703102112 0.0
Dust 0.00022399425506591797 0.047760963439941406 0.03731250762939453 14.418283462524414 2.6674485206604004 0.2978160083293915 0.0
Dust 0.010384082794189453 0.06313490867614746 0.1008138656616211 13.821083068847656 1.6258544921875 -1.3934969902038574 0.0