Truck 3.377898485336896 2.714644647191263 8.601460966998857 33.062992147054956 5.130880010127839 0.08094729526549382 1.5969762655748116
Pedestrian 1.910646678830505 0.9807032300510037 0.8335294168349815 13.46231063862146 3.528830345542574 -0.9220369775858795 0.17840714333634833
Pedestrian 1.923743351195289 0.9196043898968422 0.8104819884677503 14.023572102133585 -2.6132277373932693 -0.9160473448117514 -3.0630528372500483
Dust 3.5185877077098597 6.765357192653196 6.943741133149136 8.46024112703617 0.17160825192218 -0.012716829395090931 -3.065050398604208
Dust 2.5456526636084273 4.685137136302854 3.398793283969403 13.27218711654025 0.3936054433966455 -0.5873006939210015 -3.0703829250580905
Dust 1.4855975394806313 2.043385550023766 2.1544899463605134 15.100959782414066 3.637816710292475 -0.5134799028629002 -3.0851633308147273
Dust 1.0740429954581427 0.8199760749995448 0.6453806719971686 12.166568991800297 3.641437397426613 -1.3800731592759792 2.17293491873294
Dust 1.9162313541252693 1.7215290894748811 1.0028072974221354 12.89504966357559 -2.8653338392810994 -0.4852640178062078 -3.0969985243872933
Dust 0.0008549988269805908 0.00684809684753418 0.023238182067871094 7.46122407913208 -2.4251761436462402 0.2666814923286438 0.0
Dust 2.598996877670288 8.14616596698761 7.411202907562256 11.851581335067749 0.6031507849693298 -0.7078055143356323 0.0
Dust 0.0010070204734802246 0.003125905990600586 0.018401145935058594 4.686819553375244 1.8497099876403809 -0.30753350257873535 0.0