Car 2.2831322322844128 2.0907604328451495 4.548947309542385 23.13093140004571 -10.91741628295972 0.2990118682997859 -0.5751627637335225
Stone 0.3677537388607319 0.6 1.353315092617848 9.526430194869215 2.7711244599505775 -0.9068901685785904 -0.6701124229671809
Stone 0.19056086016944707 0.29738381665989316 0.5448831927151179 10.534791974631602 7.843406663150729 -0.374687572954424 -0.7946570482939392
Stone 0.414443129867286 0.6 0.573746621270251 17.79904574621643 11.34661045995417 0.870077510460088 -0.5263421082614423
Stone 0.6 0.6 1.195603531703639 28.059232888426724 19.977774256507324 2.868662566612758 -0.46375731173269236
Stone 2.3669479843560466 2.6671992363368435 2.596702264302993 40.43064688639611 9.957360509403395 4.0225228527786 -0.22185515659048582
Stone 0.28469467645992697 0.7601009367400126 0.6 30.620623363945406 5.107488180755962 1.5633699848046776 -0.038546339986376355
Stone 0.29403650690150623 1.1172993152921695 0.5891885535724151 15.983740248988234 -1.3702942010681722 -0.7499756824038508 -0.858045719362537
Stone 0.22100797358882995 0.4385547412629897 0.45675103962816177 22.574700038565467 -3.986779653336495 -0.34622917232543304 -0.5892759202423818
Stone 0.6 0.9367477099041489 3.0074854630710552 35.18405945632764 13.109792833306672 2.9322231227093707 -0.3249614072065668
Obstacle 2.5758725014594135 0.8450035056881979 0.7607817095735722 19.329095388159573 -15.035461200788554 0.3851561140702266 -0.4921905141626852
Dust 2.4388870000839233 2.352293014526367 2.665958881378174 8.67628288269043 -4.303001403808594 -0.11077147722244263 0.0
Dust 2.4340670108795166 3.1109278202056885 6.212368965148926 15.760562896728516 -4.344971060752869 0.18440544605255127 0.0
Dust 1.7633370161056519 2.2928314208984375 2.0687389373779297 20.07672882080078 -7.872162818908691 0.17780452966690063 0.0
Dust 0.000415995717048645 0.02051103115081787 0.020603179931640625 9.24350357055664 -1.7137994766235352 0.23598799109458923 0.0