Truck 3.377898485336896 2.714644647191263 8.601460966998857 33.062992147054956 5.130880010127839 0.08094729526549382 1.5969762655748116
Pedestrian 1.910646678830505 0.9807032300510037 0.8335294168349815 13.319208337881083 3.4467294696427797 -1.0236876424714552 0.17840714333634833
Pedestrian 1.923743351195289 0.9196043898968422 0.8104819884677503 13.49800297685806 -2.613290505695863 -0.941723180732696 -3.0630528372500483
Dust 3.5185877077098597 6.765357192653196 6.943741133149136 8.46024112703617 0.17160825192218 -0.012716829395090931 -3.065050398604208
Dust 1.5345434061778753 2.7607826574791154 3.863106584440097 12.887747648428151 1.1806748497345754 0.01160072984831828 -3.0703829250580905
Dust 1.7336286613919787 1.2508193144839852 2.450670172796397 6.1190820294101895 3.455754986000101 1.512752321871738 -3.076056489084155
Dust 0.799783231955712 0.37184390662267036 0.552582889640417 8.241841556973514 4.772003099711576 -0.7359944575460148 1.433675671154035
Dust 2.244834249228108 1.174040151369788 1.353891185484019 7.05428236596922 3.1879143266776113 -0.4503794297224385 1.6529814983103248
Dust 1.144661209066023 0.9726394335154134 0.6467039370177894 6.5804077100869875 3.568716640302927 0.017625293204801953 -1.5667264871024202
Dust 2.8492770195007324 7.370893597602844 6.373263359069824 5.243142604827881 1.4017190337181091 0.15621554851531982 0.0
Dust 0.9669539928436279 0.5701019763946533 0.38419151306152344 12.588984489440918 2.1030778884887695 0.07645799219608307 0.0
Dust 0.12637293338775635 0.13460302352905273 0.9256439208984375 9.925461769104004 2.1063365936279297 -1.4365184307098389 0.0
Dust 0.00609898567199707 0.03229403495788574 0.0429534912109375 10.399856567382812 1.0379199981689453 -1.5373615026474 0.0