Truck 4.490044809462973 4.0185476489503005 10.120826768872643 20.58554120807725 -18.907620781893254 1.355555616908529 -1.572603131343946
Car 1.5653857482532516 1.8725448089438652 4.604250901138933 28.797743671800404 -3.992153637234972 0.29457383935947523 0.03490658503988645
Dust 0.4560499971720116 0.47599567293662404 0.5386031167210776 19.78289121556249 -3.0024557112363057 0.13003745507185888 0.04151887026261504
Obstacle 2.3452137553281127 4.554237750673003 2.364209281094643 43.38148535626533 27.045880769863288 0.8015376396845268 0.12384749372458079
Obstacle 1.302366060118015 1.347732031097282 1.9292402535440916 73.52758782824458 17.06579061074217 0.86880876546642 1.9058017164397256e-08
Obstacle 1.3803824360184236 1.8333500198703532 1 84.15450234090613 15.813627492591548 1.0488091365978862 1.9058017164397256e-08
Obstacle 1.9670500450546557 3.463978607197593 4.788178078795008 101.70228737724186 20.733597443728495 1.6972670906558496 0.024065573740426977
Obstacle 6.479501774595196 1 1 40.37479589956485 15.807122697258155 2.802975244984055 -0.004986652837497774
Dust 0.9714000225067139 0.8091821670532227 1.0323448181152344 4.148016452789307 -6.055163860321045 -0.41207700967788696 0.0
Dust 1.6401479244232178 2.6799912452697754 4.826141357421875 4.165947437286377 -3.037501573562622 -0.22832700610160828 0.0
Dust 0.8143529891967773 1.098020076751709 1.3876729011535645 6.090354919433594 -5.7060346603393555 -0.40252548456192017 0.0
Dust 1.0270609855651855 0.39213085174560547 0.6217818260192871 8.048697471618652 -5.322763442993164 0.17564749717712402 0.0
Dust 1.4358790814876556 2.202352821826935 5.032257556915283 10.980084657669067 -2.9909394681453705 -0.335766538977623 0.0
Dust 0.925650954246521 0.9155211448669434 0.6161479949951172 16.45444107055664 -2.6790754795074463 -0.1283165067434311 0.0
Dust 1.066419005393982 0.9452371597290039 0.9362449645996094 20.043819427490234 -2.7284514904022217 -0.2731174826622009 0.0
Dust 0.0701880007982254 0.13997268676757812 0.029422760009765625 13.212410926818848 -5.2633795738220215 0.11256600171327591 0.0