Car 2.2831322322844128 2.0907604328451495 4.548947309542385 22.1551134016023 -10.24190293830772 0.4040359509848689 -0.6258742747775801
Stone 0.6 0.780656803614552 0.9795011538893356 10.620590159159073 16.26537270820933 0.8180552748898806 2.661627109291353
Stone 0.37702217757116474 0.48675406290898604 0.6 6.005892630025002 8.195787465277037 -0.8867747690821706 -0.10898515155643085
Stone 0.3677537388607319 0.6 1.353315092617848 13.76729736717171 1.2812543305297228 -0.6468901685785902 -0.7093823311370534
Stone 0.19056086016944707 0.29738381665989316 0.5448831927151179 15.147213056620263 6.175510169353266 -0.012323555890309656 -0.6517241273249501
Stone 0.414443129867286 0.6 0.573746621270251 22.62723695889714 9.114985774506597 1.339794250885708 -0.5263421082614423
Stone 0.6 0.6 1.195603531703639 33.51735719347159 16.949757833854708 3.5550227705272084 -0.6731968219720121
Stone 2.3669479843560466 2.6671992363368435 2.596702264302993 44.899773739414485 5.98207750194204 4.736102661474995 -0.3679537593928445
Stone 2.783735304862071 2.683421530533927 2.7563145317222464 50.906278953252524 45.61175792685659 10.294197254832044 0.08175227986612255
Stone 0.28469467645992697 0.7601009367400126 0.6 34.763953120143455 1.686470966032452 2.069665060976322 -0.038546339986376355
Stone 0.29403650690150623 1.1172993152921695 0.5891885535724151 19.89307197298266 -3.3947891723086405 -0.44120934867293105 -0.935589472882998
Stone 0.6 0.9367477099041489 3.0074854630710552 39.94412825142035 9.877358356582135 3.729085429858367 -0.4268163345762809
Obstacle 2.5758725014594135 0.8450035056881979 0.7607817095735722 22.182733987310712 -17.15065890822234 0.22945485379718922 -0.4921905141626852
Dust 1.532031009250495 0.7109086965396019 1.114899831468099 20.26695870701342 -8.010307390560936 0.1512631817031021 -0.6393776909439013
Dust 2.6223180294036865 3.9807240962982178 4.039257049560547 11.19252872467041 -4.959470152854919 0.09355902671813965 0.0
Dust 1.2395949363708496 0.6334481239318848 0.7541427612304688 20.35382652282715 -8.032310485839844 0.06374648213386536 0.0
Dust 1.0239160060882568 1.1656599044799805 2.8430023193359375 17.54443359375 -6.2517409324646 -0.3107609748840332 0.0