Truck 4.490044809462973 4.0185476489503005 10.120826768872643 17.13717559738643 -18.62025571664026 1.145022404731487 -1.572603131343946
Obstacle 2.3452137553281127 4.554237750673003 2.364209281094643 39.567865313600805 27.323465992378033 0.5013502790025286 0.03852028584930249
Obstacle 1.302366060118015 1.347732031097282 1.9292402535440916 69.76980910228144 17.429486447884074 0.28145215218876185 1.9058017164397256e-08
Obstacle 1.3803824360184236 1.8333500198703532 1 80.64244723385559 15.861042306040417 0.6698087819907892 1.9058017164397256e-08
Obstacle 1.9670500450546557 3.463978607197593 4.788178078795008 98.2765573376978 21.525897423746983 1.1861559795447378 0.024065573740426977
Obstacle 6.479501774595196 1 1 36.76735309468677 16.003023710188927 2.1881425210391305 -0.004986652837497774
Dust 1.5290089845657349 3.8701707124710083 3.9990878105163574 5.013411998748779 -2.416356384754181 -0.16152650117874146 0.0
Dust 2.241687059402466 2.3378971219062805 4.1415815353393555 10.573365688323975 -1.6089135706424713 0.02691352367401123 0.0
Dust 0.6622869968414307 0.2769140601158142 0.5118284225463867 14.834182739257812 -0.8978589773178101 -0.6238855123519897 0.0
Dust 0.8086159825325012 0.343375027179718 0.6366596221923828 18.651649475097656 -0.7883905172348022 -0.11427000164985657 0.0
Dust 0.8226029872894287 0.6990019679069519 0.9673547744750977 15.963922500610352 0.304313987493515 -0.4462435245513916 0.0