Truck 4.490044809462973 4.0185476489503005 10.120826768872643 18.516747264196876 -18.791429057196755 1.283465453023262 -1.572603131343946
Obstacle 2.3452137553281127 4.554237750673003 2.364209281094643 41.02281179265326 27.23033437492551 0.7264907995140273 0.12505952792735464
Obstacle 1.302366060118015 1.347732031097282 1.9292402535440916 71.29336513131955 17.27963852254132 0.7051304588275911 1.9058017164397256e-08
Obstacle 1.3803824360184236 1.8333500198703532 1 82.06135940367551 15.905593404853192 0.9041259006585176 1.9058017164397256e-08
Obstacle 1.9670500450546557 3.463978607197593 4.788178078795008 99.88921713799442 21.039859666180895 1.4928226462114047 0.024065573740426977
Obstacle 6.479501774595196 1 1 38.30427849760196 15.88112472128004 2.6445874238272835 -0.004986652837497774
Dust 1.4778209924697876 2.856392741203308 3.368104100227356 3.975770056247711 -2.8391584753990173 -0.1822354793548584 0.0
Dust 1.5864869356155396 1.6799933910369873 3.3031463623046875 6.125188589096069 -5.833350300788879 -0.3407924771308899 0.0
Dust 1.450569987297058 1.4247779846191406 1.4047050476074219 7.449223518371582 -2.1575729846954346 -0.3388139605522156 0.0
Dust 1.577117919921875 1.9126660823822021 3.294541358947754 10.780447006225586 -2.176762104034424 -0.19899001717567444 0.0
Dust 0.9753270149230957 1.005247950553894 0.9487485885620117 15.345640182495117 -1.9805469512939453 -0.06093449890613556 0.0
Dust 1.6207610368728638 2.2523059844970703 0.8478450775146484 19.424091339111328 -1.879288911819458 -0.03128451108932495 0.0