Truck 3.377898485336896 2.714644647191263 8.601460966998857 33.062992147054956 5.130880010127839 0.08094729526549382 1.5969762655748116
Pedestrian 1.910646678830505 0.9807032300510037 0.8335294168349815 13.447444407466719 3.595671210800674 -1.0051108617868325 0.17840714333634833
Pedestrian 1.923743351195289 0.9196043898968422 0.8104819884677503 14.212299785303912 -2.1181077223188822 -0.9300526192091895 -3.0630528372500483
Dust 3.5185877077098597 6.765357192653196 6.943741133149136 8.46024112703617 0.17160825192218 -0.012716829395090931 -3.065050398604208
Dust 2.836424563129132 3.775356065552402 4.5983587565227 12.634459318687531 0.9042036907949758 -0.44191474416064913 -3.0703829250580905
Dust 1.0740429954581427 0.8297699179284214 1.0632345938721741 12.062314619164681 3.091018673718736 -1.3800731592759792 2.17293491873294
Dust 1.9162313541252693 1.091403115523213 1.0028072974221354 12.938905111028816 -1.8587527070098986 -0.9223501171984413 -3.015732535428283
Dust 1.0122860670089722 1.8605501651763916 1.2065150737762451 2.157682418823242 2.2332911491394043 0.08195801079273224 0.0
Dust 2.6733829975128174 6.40944766998291 5.293111801147461 10.87993335723877 -0.11976706981658936 -0.644911527633667 0.0
Dust 0.5708659887313843 0.4385969936847687 0.44799327850341797 6.384149551391602 -0.654057502746582 -0.3438810110092163 0.0
Dust 0.4363960027694702 1.5868940353393555 1.2225208282470703 4.1911234855651855 0.9903860092163086 -0.23843500018119812 0.0
Dust 0.009770989418029785 0.06941699981689453 0.09762001037597656 14.264434814453125 1.1953225135803223 -1.432692527770996 0.0