Car 2.2831322322844128 2.0907604328451495 4.548947309542385 20.972209372694792 0.9641509860521225 -1.1486031183805827 -0.05577277690435478
Stone 0.6747270247762928 0.9418547773890847 0.9456124895903539 16.255295148175197 17.100163159188067 -1.5084191673036924 -0.005732355383025857
Stone 0.6 0.780656803614552 0.9795011538893356 30.864047377398666 17.485094499518482 -0.6878598433223069 2.661627109291353
Stone 0.41867018596667815 0.6 0.7285422780778061 20.204200328803836 9.706207534708104 -2.1895329725050217 -0.390072207411144
Stone 0.37702217757116474 0.48675406290898604 0.6 26.327100724657555 9.272381659925909 -1.9753179292944525 -0.10898515155643085
Stone 0.6 0.6 1.195603531703639 53.77117076524519 18.816132792617957 0.5112253568478178 -0.28115981604498513
Stone 2.3669479843560466 2.6671992363368435 2.596702264302993 65.71022152855744 7.882419225404887 0.8179899748703988 -0.2810145460278768
Stone 2.783735304862071 2.683421530533927 2.7563145317222464 71.18387490640362 47.742325383500955 6.04721011640382 0.08175227986612255
Stone 0.6 0.9367477099041489 3.0074854630710552 60.393946161655116 11.273848960749248 0.060960808959585 -0.4912637209956804
Stone 1.5432641682263735 1.6857741658345282 2.9201892537472482 23.389576360787323 35.47008872605461 3.259867940356346 -0.5252353171409961
Obstacle 2.5758725014594135 0.8450035056881979 0.7607817095735722 42.9489392418085 -15.97935963711744 -2.2209927690363935 -0.4921905141626852
Dust 1.4696509838104248 2.383023977279663 2.5084075927734375 17.295560836791992 2.1100480556488037 -1.4364804029464722 0.0