Car 3.9844474085636845 2.1720394657620807 4.723953327025349 19.32502479537402 1.8623600362075194 -0.2695052157761794 0.04521901265728163
Stone 0.8702726069186748 1.0460023377708456 1.0593176553733967 6.9084606847313585 11.488701139642556 -0.8332361362821128 1.9634954084936207
Stone 1.0348676220969184 1.0338016411433284 0.9662097443224618 43.68872597547814 -5.943068215643131 -0.9711997633637212 -0.2879793265790643
Stone 0.37526297632064953 0.33967958264839754 0.3439269677511411 21.054887859574922 -5.597127854264173 -2.0611523055999594 -0.035520388738597974
Stone 0.40914011001586914 0.8076895443074641 0.7879343879477547 14.209925967642873 -7.272539236917063 -1.7039982061114027 2.17293491873294
Stone 0.4278681343265715 1.1014760818289249 1.0530460245124222 15.273230103331464 -8.518717050437434 -1.5358760926514763 1.7540558982543013
Stone 0.46896287164971245 0.4091568570053152 0.7157116451264794 17.247619073169698 10.72499042431177 -1.6975812883764647 -0.4864428925922968
Stone 0.47119172022836003 0.4817263784238255 0.7251911442968212 15.90740269085403 11.867554018789448 -1.583180383880512 -0.4864428925922968
Stone 0.34897303581237793 0.42412914407464497 0.5785450445504738 16.561381466115368 11.451281995849563 -1.699854584914498 -0.46980646176014274
Stone 0.3118477042508841 0.39512660316031967 0.6518706598743315 20.638214556123156 -7.535003225496445 -2.0416991104564013 0.25088166002564666
Dust 2.7250210642814636 5.4313899874687195 7.171372175216675 6.825302243232727 1.0122269690036774 -0.09879842400550842 0.0
Dust 0.0005109310150146484 0.026275038719177246 0.005413055419921875 14.62218952178955 1.4540014266967773 -1.3033884763717651 0.0