Truck 3.377898485336896 2.714644647191263 8.601460966998857 33.062992147054956 5.130880010127839 0.08094729526549382 1.5969762655748116
Pedestrian 1.910646678830505 0.9807032300510037 0.8335294168349815 13.261081553731202 3.4773341318636994 -1.152994268433523 0.17840714333634833
Pedestrian 1.923743351195289 0.9196043898968422 0.8104819884677503 14.24599416377792 -2.7195171909388067 -0.8737672711591076 -3.0630528372500483
Dust 3.5185877077098597 6.765357192653196 6.943741133149136 8.46024112703617 0.17160825192240736 -0.012716829395090931 -3.065050398604208
Dust 2.543274791117831 4.974732700030699 3.3290369934694755 13.314036939631457 0.2971098933689005 -0.5884896301662994 -3.0703829250580905
Dust 1.4855975394806313 2.0878310368505355 2.1544899463605134 14.948568185840656 3.523384701859868 -0.48010609975002727 -3.113861422517129
Dust 1.0740429954581427 1.0985453562495486 0.7846653126221705 12.148084534793322 3.1482652924292096 -1.3800731592759792 2.17293491873294
Dust 1.9981579029148788 2.205154135771512 1.6728192375982163 12.701806183762292 -2.3061984471112797 -0.5161752114273584 3.1413745344224284
Dust 3.5601289868354797 7.9533809423446655 8.121110677719116 11.460862755775452 0.8488525748252869 -0.23718848824501038 0.0
Dust 0.28475600481033325 0.2138480246067047 0.46111011505126953 4.175539016723633 -0.46949201822280884 -0.014928996562957764 0.0
Dust 0.3258430063724518 0.14372897148132324 0.18888187408447266 5.314774036407471 1.3545725345611572 -0.3539835214614868 0.0
Dust 0.1856279969215393 0.22939300537109375 0.6334841251373291 2.9391188621520996 1.4631484746932983 -0.25560900568962097 0.0