Car 3.9844474085636845 2.1720394657620807 4.723953327025349 19.387648340683654 1.5983379888191394 -0.08297916605077943 0.08240536127806604
Stone 1.0348676220969184 1.0338016411433284 0.9662097443224618 35.46275093945046 -7.9524438880624775 -0.11293218377308256 -0.2879793265790643
Stone 0.37526297632064953 0.33967958264839754 0.3439269677511411 12.872875125016243 -6.555984026724866 -1.8710749420072201 -0.035520388738597974
Stone 0.40914011001586914 0.8076895443074641 0.7879343879477547 5.720596898186177 -8.009045474534195 -1.5460953274184792 -1.7016960206944711
Stone 0.4278681343265715 1.1014760818289249 1.0530460245124222 6.989545508571422 -9.190558228956707 -1.578114035997209 1.7540558982543013
Stone 0.46896287164971245 0.4091568570053152 0.7157116451264794 9.847016300147029 9.848104056916645 -1.1021418598622317 -0.4864428925922968
Stone 0.4188782801193912 0.38182850407518215 0.7158177715863402 8.514802783063503 11.03478622847634 -1.0070433065416595 -0.4864428925922968
Stone 0.34897303581237793 0.42412914407464497 0.5785450445504738 9.188795832693746 10.65047609584914 -1.1213639029323614 -0.46980646176014274
Stone 0.2864065080854702 0.33242880788658796 0.5288422209479865 10.73227535567514 9.822916155189814 -1.0917202885322086 -0.6554077043991429
Stone 0.3118477042508841 0.39512660316031967 0.6518706598743315 12.343092683261977 -8.436545451477562 -1.8880509556630534 0.25088166002564666
Dust 1.3864359855651855 1.9709510505199432 1.4550777673721313 3.889824092388153 -0.8198995143175125 0.17441600561141968 0.0
Dust 0.004036992788314819 0.11004304885864258 0.06393909454345703 6.789260387420654 -1.4234654903411865 0.2452944964170456 0.0
Dust 1.4822179079055786 4.241375029087067 9.171935081481934 12.174734115600586 -0.1510055959224701 -0.9240790009498596 0.0