Truck 4.490044809462973 4.0185476489503005 10.120826768872643 17.41173342496981 -18.676978696672137 1.1911700874954119 -1.572603131343946
Obstacle 2.3452137553281127 4.554237750673003 2.364209281094643 39.910240024792074 27.189746030362215 0.6514439593435277 0.06736669987531987
Obstacle 1.302366060118015 1.347732031097282 1.9292402535440916 69.90980910228119 17.429486450552194 0.5414521521887621 1.9058017164397256e-08
Obstacle 1.3803824360184236 1.8333500198703532 1 80.92821646644447 15.997559335410319 0.7594426647191491 1.9058017164397256e-08
Obstacle 1.9670500450546557 3.463978607197593 4.788178078795008 98.36269958547172 21.21441999767807 1.2883782017669603 0.024065573740426977
Obstacle 6.479501774595196 1 1 37.15374965697707 15.950539043704605 2.4861996026705118 -0.004986652837497774
Dust 1.48996102809906 5.85828959941864 5.425053119659424 5.012056589126587 -3.86806184053421 -0.23698848485946655 0.0
Dust 1.273855984210968 0.8857160806655884 1.6454758644104004 10.800599813461304 -1.4101200103759766 -0.28345999121665955 0.0
Dust 1.0646549761295319 0.7448588609695435 0.8376216888427734 14.653457164764404 -1.5774755477905273 -0.05778549611568451 0.0
Dust 1.9742619693279266 2.7323469519615173 1.4986543655395508 18.518856525421143 -1.3982984721660614 0.1338530033826828 0.0
Dust 0.07098400592803955 0.05665111541748047 0.14423847198486328 8.143257141113281 -3.7284505367279053 -0.708262026309967 0.0