Truck 4.490044809462973 4.0185476489503005 10.120826768872643 23.510954160889042 -19.02536025139625 1.4074405791512121 -1.572603131343946
Car 1.5653857482532516 1.8725448089438652 4.604250901138933 19.133310848558615 -4.289618686351782 0.07457383935947517 0.03490658503988645
Dust 1.020202156925949 1.1179433763172217 6.8273410626003255 13.52684857009964 -3.3843947290984917 -0.3852459914074722 0.03279222400264339
Obstacle 2.3452137553281127 4.554237750673003 2.364209281094643 46.15671241662372 26.915598854947767 0.8765844798550264 0.06373059726699833
Obstacle 1.302366060118015 1.347732031097282 1.9292402535440916 76.43247719305556 16.78794271172482 1.032487072105249 1.9058017164397256e-08
Obstacle 1.3803824360184236 1.8333500198703532 1 87.13776968622992 15.461661597294096 1.2626614315719573 1.9058017164397256e-08
Obstacle 1.9670500450546557 3.463978607197593 4.788178078795008 104.63861043905342 20.42318732719967 1.901711535100294 0.024065573740426977
Obstacle 6.479501774595196 1 1 43.332820783184545 15.632148291767404 2.961363066140826 -0.004986652837497774
Dust 1.498891919851303 4.237969994544983 2.2391507625579834 3.508236289024353 -4.1059388518333435 -0.44676296412944794 0.0
Dust 1.4414350986480713 3.251690149307251 2.313086986541748 7.465261459350586 -4.052821159362793 -0.37032952904701233 0.0
Dust 0.9157080054283142 1.1706759929656982 7.372693061828613 13.114346981048584 -3.399521827697754 -0.5075640082359314 0.0