Car 2.2831322322844128 2.0907604328451495 4.548947309542385 23.67546771122003 -11.32104565670308 0.07983117400048223 -0.5511160051504894
Stone 0.3677537388607319 0.9977928694918123 1.5360548799171994 7.584281859247638 3.4565032299169447 -1.0868901685785906 -0.6308425147973082
Stone 0.19056086016944707 0.29738381665989316 0.5448831927151179 8.301681782409968 8.37186551931256 -0.5914677358414839 -0.8295636333338261
Stone 0.414443129867286 0.6 0.573746621270251 15.46464986448732 12.121864523335542 0.5404805868634408 -0.5263421082614423
Stone 0.6 0.6 1.195603531703639 25.550351974614586 21.121978050660076 2.428393580914288 -0.3590375566130325
Stone 2.3669479843560466 2.6671992363368435 2.596702264302993 38.082564194093 11.29262023555566 3.606559248821503 -0.1488058551893064
Stone 0.28469467645992697 0.7601009367400126 0.6 28.375257228628843 6.254224345050414 1.160763138780865 -0.038546339986376355
Stone 0.29403650690150623 1.1172993152921695 0.5891885535724151 14.03200450897775 -0.5986819514738599 -0.9520335537868403 -0.7188966176703329
Stone 0.22100797358882995 0.4385547412629897 0.45675103962816177 20.6540361663801 -3.1803787809399937 -0.6780533120978002 -0.5892759202423818
Stone 0.6 0.9367477099041489 3.0074854630710552 32.93974122303915 14.529618764363697 2.5241787720604996 -0.3522296911519609
Obstacle 2.5758725014594135 0.8450035056881979 0.7607817095735722 17.697797342691086 -14.2710338900102 0.21829885656810094 -0.4921905141626852
Dust 0.9109523943893737 0.7109086965396019 0.5441695208112447 21.680466289212717 -9.61889055668845 0.06072387427254161 -0.5521112283441847
Dust 0.3421989977359772 0.18362784385681152 0.2363591194152832 6.2433576583862305 -2.466853141784668 0.6388605237007141 0.0
Dust 1.174354076385498 1.0436511039733887 1.0629997253417969 7.652507781982422 -3.1057724952697754 0.047153979539871216 0.0
Dust 0.5658090114593506 0.055789023637771606 0.048526763916015625 16.096410751342773 -0.29531848430633545 0.8089715242385864 0.0
Dust 1.5096969604492188 2.1743595600128174 1.9769878387451172 18.802860260009766 -7.310652136802673 -0.2577505111694336 0.0
Dust 0.30189502239227295 0.30040502548217773 0.21357154846191406 17.27115249633789 -1.021512508392334 0.7729265093803406 0.0
Dust 0.33153000473976135 0.14176082611083984 0.1748027801513672 21.67514419555664 -9.592199325561523 0.05911000072956085 0.0
Dust 1.1333519220352173 2.1706427335739136 3.6775155067443848 12.435571908950806 -3.620697557926178 -0.6620540022850037 0.0