Truck 4.490044809462973 4.0185476489503005 10.120826768872643 21.890854825140693 -18.96620613820099 1.3814980980298706 -1.572603131343946
Car 1.5653857482532516 1.8725448089438652 4.604250901138933 24.011541721338542 -4.139279301401915 0.1845738393594752 0.03490658503988645
Dust 0.7566450324283354 0.8790069734285157 3.321158452788891 18.50010513687315 -3.2100704167667744 -0.2983225162141675 0.015338931482700097
Obstacle 2.3452137553281127 4.554237750673003 2.364209281094643 44.59654142881183 26.96379451784192 0.8390610597697766 0.09378904549578956
Obstacle 1.302366060118015 1.347732031097282 1.9292402535440916 74.83003251065006 16.926866658374912 0.9506479187858345 1.9058017164397256e-08
Obstacle 1.3803824360184236 1.8333500198703532 1 85.49946934690145 15.637644542147438 1.1557352840849218 1.9058017164397256e-08
Obstacle 1.9670500450546557 3.463978607197593 4.788178078795008 103.17044890814759 20.578392385464213 1.7994893128780718 0.024065573740426977
Obstacle 6.479501774595196 1 1 41.753809584707525 15.720134157729715 2.8821691555624405 -0.004986652837497774
Dust 0.4967239499092102 0.3245539665222168 0.6750152111053467 3.4744443893432617 -5.260556221008301 -0.7696959972381592 0.0
Dust 0.936974048614502 1.1500740051269531 1.1077160835266113 4.990666389465332 -6.10178804397583 -0.5527859926223755 0.0
Dust 1.507416009902954 2.1531360149383545 4.905699729919434 4.820207118988037 -3.161820888519287 -0.3188819885253906 0.0
Dust 0.4290339946746826 0.806117057800293 1.3764886856079102 7.20650053024292 -5.3822855949401855 -0.4329659938812256 0.0
Dust 1.2024600356817245 1.1580277681350708 2.0445008277893066 9.163225412368774 -2.7415719628334045 -0.4305880144238472 0.0
Dust 0.8624109625816345 1.5717029571533203 1.3768320083618164 11.690479278564453 -3.209242582321167 -0.3771494925022125 0.0
Dust 1.097458004951477 1.586867094039917 1.288736343383789 13.722704887390137 -3.1435904502868652 -0.36503899097442627 0.0
Dust 0.08125901222229004 0.2512650489807129 0.4780559539794922 16.733070373535156 -3.6991944313049316 0.30185049772262573 0.0
Dust 0.20969799160957336 0.20864105224609375 0.40952205657958984 13.924783706665039 -5.11581563949585 -0.040901001542806625 0.0
Dust 0.1567080020904541 0.15666890144348145 0.24332427978515625 19.8377685546875 -3.432725429534912 -0.16976499557495117 0.0
Dust 0.10348698496818542 0.16805028915405273 0.19008255004882812 9.472376823425293 -5.0030622482299805 0.46087849140167236 0.0