Car 3.9844474085636845 2.1720394657620807 4.723953327025349 19.3479601795767 1.8614370730275358 -0.13245705455563675 0.06381218696767384
Stone 1.0348676220969184 1.0338016411433284 0.9662097443224618 39.649625185011246 -6.728153358999154 -0.987057002337755 -0.2879793265790642
Stone 0.37526297632064953 0.33967958264839754 0.3439269677511411 16.951170574574007 -5.997757394055698 -2.2771493096826174 -0.035520388738597974
Stone 0.40914011001586914 0.8076895443074641 0.7879343879477547 9.973785782101263 -7.639586529815537 -1.8453090190887451 -1.7016960206944711
Stone 0.4278681343265715 1.1014760818289249 1.0530460245124222 11.162792992426306 -8.83705949714646 -1.687557883561583 1.7540558982543013
Stone 0.46896287164971245 0.4091568570053152 0.7157116451264794 13.455897340891996 10.364437249285766 -1.588015092899784 -0.4864428925922968
Stone 0.40252947862098165 0.2891852955841945 0.7158177715863402 12.111842083990485 11.465143332324342 -1.4956576594479483 -0.4864428925922968
Stone 0.34897303581237793 0.42412914407464497 0.5785450445504738 12.803235956693241 11.118580257958085 -1.5713011000295787 -0.46980646176014274
Stone 0.2864065080854702 0.33242880788658796 0.5288422209479865 14.347332399403601 10.310164292453834 -1.611869980566108 -0.6554077043991429
Stone 0.3118477042508841 0.39512660316031967 0.6518706598743315 16.415085616903973 -7.922922987330865 -2.280707351246054 0.25088166002564666
Dust 1.5848229378461838 4.713458001613617 3.710219979286194 4.567357957363129 0.8832550346851349 -0.08239851146936417 0.0
Dust 0.248416006565094 0.28352096676826477 0.2652559280395508 8.652214050292969 -0.5272665023803711 -0.17079299688339233 0.0
Dust 0.0012559890747070312 0.02916097640991211 0.02069568634033203 15.115392684936523 1.7818135023117065 -0.9227150082588196 0.0
Dust 1.0125149488449097 1.3860139846801758 2.532642364501953 11.296338081359863 0.3673740327358246 -1.3709795475006104 0.0
Dust 0.47580409049987793 0.5104888677597046 0.7441797256469727 16.205846786499023 2.0521883964538574 -1.6851840019226074 0.0
Dust 0.019818902015686035 0.06078815460205078 0.10574197769165039 7.322907447814941 -2.19624400138855 -1.2569184303283691 0.0