Car 2.2831322322844128 2.0907604328451495 4.548947309542385 21.93227692611395 -7.633920341073397 0.06156611614220691 -0.7058685321606532
Stone 0.6 0.780656803614552 0.9795011538893356 17.906296267244734 14.575103577256822 1.0562766620492459 2.661627109291353
Stone 0.41867018596667815 0.6 0.7285422780778061 6.785925361082791 7.824068555355976 -1.0562541973097301 -0.390072207411144
Stone 0.37702217757116474 0.48675406290898604 0.6 12.86746142793475 6.994878580242412 -0.6367747690821707 -0.10898515155643085
Stone 0.3677537388607319 0.6 1.353315092617848 20.071944939670804 -0.5071422565154107 -0.571343861833924 -0.7277901005916813
Stone 0.19056086016944707 0.29738381665989316 0.5448831927151179 21.78947944818691 4.099349741950089 0.11741545312337118 -0.4350038675604895
Stone 0.6 0.6 1.195603531703639 40.87101189761223 13.563302512135373 3.9197154674995422 -0.7255566995318427
Stone 2.3669479843560466 2.6671992363368435 2.596702264302993 51.58215188895012 1.8472783961862176 4.73892064625295 -0.44100306079402385
Stone 2.783735304862071 2.683421530533927 2.7563145317222464 60.41578388907915 40.89804459553153 11.230413073104883 0.08175227986612255
Stone 0.28469467645992697 0.7601009367400126 0.6 41.26921367447439 -1.3045373922013959 2.1340992513372496 -0.038546339986376355
Stone 0.29403650690150623 1.1172993152921695 0.5891885535724151 25.860512940848864 -5.494189342565008 -0.4830117165949555 -0.8510941739790244
Stone 0.6 0.9367477099041489 3.0074854630710552 47.3121724686971 5.446558159506026 3.886625019215577 -0.5523864423143299
Obstacle 2.5758725014594135 0.8450035056881979 0.7607817095735722 27.104008635318433 -19.686660225636796 -0.31663623345610903 -0.4921905141626852
Dust 2.4018990993499756 5.573702812194824 4.223758220672607 14.904274225234985 -4.569738388061523 -0.3308275043964386 0.0