Truck 3.377898485336896 2.714644647191263 8.601460966998857 33.062992147054956 5.130880010127839 0.08094729526549382 1.5969762655748116
Pedestrian 1.910646678830505 0.9807032300510037 0.8335294168349815 13.032274366605893 3.5132925719018813 -1.1212696523847 0.17840714333634833
Pedestrian 1.923743351195289 0.9196043898968422 0.8104819884677503 13.67263452932275 -2.6049517192250278 -0.9437771274925274 -3.0630528372500483
Dust 3.5185877077098597 6.765357192653196 6.943741133149136 8.46024112703617 0.17160825192218 -0.012716829395090931 -3.065050398604208
Dust 3.1333004954727066 3.4809361011618636 4.008263665623787 12.990471640541788 0.06003096361496302 -0.2934767779888617 -3.0703829250580905
Dust 1.188984990119934 3.1261239051818848 3.253688097000122 2.6929221153259277 1.2392780780792236 0.00489652156829834 0.0
Dust 0.8627529889345169 0.584566056728363 0.8812670707702637 5.756107330322266 -0.6728149950504303 0.011439479887485504 0.0
Dust 2.1960070729255676 2.8106769323349 1.7602787017822266 12.599050521850586 -0.13380151987075806 -0.4754214882850647 0.0
Dust 0.00016499962657690048 0.005783975124359131 0.005602985620498657 0.4581264853477478 0.3747420012950897 0.012341499328613281 0.0
Dust 0.481814980506897 1.4055469036102295 0.9904537200927734 10.065361022949219 -0.5358254909515381 -1.4700794219970703 0.0
Dust 0.009310007095336914 0.027880966663360596 0.05016136169433594 8.825028419494629 -0.8796955347061157 -1.30308997631073 0.0