Truck 4.490044809462973 4.0185476489503005 10.120826768872643 17.914008580963493 -18.734113117856513 1.237317770259337 -1.572603131343946
Obstacle 2.3452137553281127 4.554237750673003 2.364209281094643 40.28375633979351 27.148378618661965 0.6889673794287775 0.09621311390133726
Obstacle 1.302366060118015 1.347732031097282 1.9292402535440916 70.60158711680015 17.35456248654691 0.6232913055081766 1.9058017164397256e-08
Obstacle 1.3803824360184236 1.8333500198703532 1 81.41478793506025 15.951576368607121 0.8317842826888333 1.9058017164397256e-08
Obstacle 1.9670500450546557 3.463978607197593 4.788178078795008 98.73604932952452 20.909855719428585 1.3906004239891825 0.024065573740426977
Obstacle 6.479501774595196 1 1 37.62901532062207 15.916330545709569 2.565393513248898 -0.004986652837497774
Dust 1.6942628920078278 5.669631004333496 4.965326905250549 4.7744264006614685 -3.867178440093994 -0.25437550246715546 0.0
Dust 0.05360698699951172 0.05565190315246582 0.03866004943847656 10.758395195007324 -2.73500394821167 0.6076095104217529 0.0
Dust 1.3285410702228546 0.8229971528053284 2.744410991668701 10.587597608566284 -1.4801494777202606 -0.3562995344400406 0.0
Dust 0.8131369948387146 0.9382261037826538 1.184469223022461 14.647026538848877 -1.883827030658722 0.016414493322372437 0.0
Dust 1.679785966873169 2.347537040710449 1.0169200897216797 18.86434555053711 -1.5489025115966797 -0.0027799904346466064 0.0
Dust 0.009728014469146729 0.03814220428466797 0.14564228057861328 8.31842041015625 -3.5975170135498047 -0.6167119741439819 0.0