Car 2.2831322322844128 2.0907604328451495 4.548947309542385 22.586395088871615 -10.513786909216334 0.5181925625990895 -0.5992095223165557
Stone 0.3677537388607319 0.6 1.353315092617848 11.671739752379558 2.0788323943615366 -0.6868901685785902 -0.7093823311370534
Stone 0.19056086016944707 0.29738381665989316 0.5448831927151179 12.814559049575054 7.147567444452298 -0.183866581244905 -0.7237530474316693
Stone 0.414443129867286 0.6 0.573746621270251 20.21314135255668 10.230798117230476 1.124935880672898 -0.5263421082614423
Stone 0.6 0.6 1.195603531703639 30.72753697485375 18.616375661434432 3.2718426685699833 -0.5684770668523522
Stone 2.3669479843560466 2.6671992363368435 2.596702264302993 42.70506449199641 7.9414931540033 4.438486456735698 -0.29490445799166515
Stone 2.783735304862071 2.683421530533927 2.7563145317222464 46.95055970835851 48.55684353387819 9.605972008271385 0.08175227986612255
Stone 0.28469467645992697 0.7601009367400126 0.6 32.70717984616851 3.4764722247007986 1.939702910127291 -0.038546339986376355
Stone 0.29403650690150623 1.1172993152921695 0.5891885535724151 17.863424437896363 -2.2109372801440146 -0.5028951488836684 -0.9971740483982386
Stone 0.6 0.9367477099041489 3.0074854630710552 37.633714953127175 11.641452341551679 3.470267473358242 -0.3849595858608891
Obstacle 2.5758725014594135 0.8450035056881979 0.7607817095735722 20.799723876782643 -16.099530453729365 0.37170229647019326 -0.4921905141626852
Dust 1.532031009250495 0.3456749171166792 1.114899831468099 21.142537792225124 -8.522975991747504 1.0912631817031027 0.18092705749343344
Dust 2.867663860321045 2.916335105895996 3.422607421875 10.408872604370117 -4.776800632476807 0.19835203886032104 0.0
Dust 2.5899889767169952 3.940375804901123 7.393904209136963 17.9137704372406 -6.7543439865112305 0.45541952550411224 0.0
Dust 0.0006420016288757324 0.04625105857849121 0.02130603790283203 10.475423812866211 -2.6497626304626465 0.37845999002456665 0.0
Dust 0.025350987911224365 0.09149599075317383 0.3710918426513672 11.37467098236084 -7.461948394775391 -0.8843305110931396 0.0