Truck 3.377898485336896 2.714644647191263 8.601460966998857 33.062992147054956 5.130880010127839 0.08094729526549382 1.5969762655748116
Pedestrian 1.910646678830505 0.9807032300510037 0.8335294168349815 13.22673928453321 3.4723430106164415 -1.0663405892906248 0.17840714333634833
Pedestrian 1.923743351195289 0.9196043898968422 0.8104819884677503 13.402266195923175 -2.646914614387242 -0.9386332520545309 -3.0630528372500483
Dust 3.5185877077098597 6.765357192653196 6.943741133149136 8.46024112703617 0.17160825192240736 -0.012716829395090931 -3.065050398604208
Dust 1.723358069103138 3.668655020593809 3.799994810012406 13.036425494790945 0.8793899992236945 -0.9984479911736461 -3.0703829250580905
Dust 1.7336286613919787 1.2508193144839852 2.450670172796397 6.142177503914581 3.2847100042185957 1.4505252463649367 -3.0288322909786745
Dust 1.0629078874797988 0.7436269057065205 2.249984899917887 7.245494426086588 3.793501496819355 -0.640226510703854 0.1308996938995747
Dust 1.4237747499237192 1.174040151369788 1.19199518390215 6.915010077609812 3.733654867520761 -0.7122341534532893 1.6238988884112024
Dust 2.3633510172367096 6.399662137031555 6.095891952514648 4.684597969055176 1.1712059378623962 0.015083476901054382 0.0
Dust 1.3300400078296661 1.3032288551330566 0.3218088150024414 12.153241157531738 1.9039114713668823 -0.9713920205831528 0.0
Dust 0.6160929799079895 0.5326600074768066 0.09056282043457031 12.428619384765625 -0.21527299284934998 -0.9375895261764526 0.0
Dust 0.2339639663696289 0.05778694152832031 0.10365676879882812 13.892910957336426 0.9932894706726074 -1.595278024673462 0.0