Truck 4.490044809462973 4.0185476489503005 10.120826768872643 17.13717559738643 -18.62025571664026 1.145022404731487 -1.572603131343946
Obstacle 2.3452137553281127 4.554237750673003 2.364209281094643 39.536723709790664 27.231113442062398 0.6139205392582779 0.03852028584930249
Obstacle 1.302366060118015 1.347732031097282 1.9292402535440916 69.76980910228122 17.429486447884074 0.28145215218876185 1.9058017164397256e-08
Obstacle 1.3803824360184236 1.8333500198703532 1 80.64244723385582 15.861042306040417 0.6698087819907892 1.9058017164397256e-08
Obstacle 1.9670500450546557 3.463978607197593 4.788178078795008 98.2765573376978 21.525897423746983 1.1861559795447378 0.024065573740426977
Obstacle 6.479501774595196 1 1 36.79848250133253 15.984149145839469 2.4070056920921257 -0.004986652837497774
Dust 1.5240440368652344 4.665747880935669 4.427644729614258 4.579554557800293 -3.1865369081497192 -0.17537501454353333 0.0
Dust 1.0663979053497314 0.7702569961547852 0.6636924743652344 11.298078536987305 -1.4145034551620483 0.014046996831893921 0.0
Dust 0.7011040449142456 0.5622660219669342 1.0414905548095703 9.598207473754883 -1.2215450257062912 -0.6957129836082458 0.0
Dust 2.294907033443451 3.1308040022850037 1.6531343460083008 18.20951795578003 -1.2110340297222137 0.28909650444984436 0.0
Dust 0.5540670156478882 0.4692370891571045 0.969904899597168 14.306707382202148 -1.3942095041275024 0.1180335059762001 0.0
Dust 0.2862299680709839 0.3355691432952881 0.4829840660095215 7.667696952819824 -3.8897933959960938 -0.517208993434906 0.0