Car 2.2831322322844128 2.0907604328451495 4.548947309542385 22.252390691934504 -4.845401165848623 -0.7031759349857448 -0.5289782004368249
Stone 0.6 0.780656803614552 0.9795011538893356 22.064675608411562 14.619727898159681 0.47409355868814795 2.661627109291353
Stone 0.41867018596667815 0.6 0.7285422780778061 10.870695117526749 7.805437796721646 -1.3171453145792353 -0.390072207411144
Stone 0.37702217757116474 0.48675406290898604 0.6 16.935577729560112 6.815374833800652 -1.1367747690821712 -0.10898515155643085
Stone 0.3677537388607319 0.6 1.353315092617848 24.507962209369364 -0.979802597969208 -1.3564983439416383 -0.7462023641992228
Stone 0.6 0.6 1.195603531703639 44.97254074295774 13.556624612948427 2.6472006450099146 -0.7787130941010659
Stone 2.3669479843560466 2.6671992363368435 2.596702264302993 55.76791167121455 1.8157242328070735 2.965426542917017 -0.44100306079402385
Stone 2.783735304862071 2.683421530533927 2.7563145317222464 64.76844838039608 41.028688165219336 9.149521242940171 0.08175227986612255
Stone 0.6 0.9367477099041489 3.0074854630710552 50.94270022189101 5.683347753212053 2.186401084811086 -0.6396425627715185
Obstacle 2.5758725014594135 0.8450035056881979 0.7607817095735722 31.154453697330844 -19.645863555218646 -1.0381708198830641 -0.4921905141626852
Stone 2.476036372205315 2.014067409114219 3.9300233939229607 63.440625483930646 69.04285222891757 17.73807937549454 -0.09687727943665815
Dust 1.596113920211792 5.75009822845459 5.208897590637207 17.759010314941406 -3.1173110008239746 -1.2068170309066772 0.0