Car 2.2831322322844128 2.0907604328451495 4.548947309542385 20.06408497582254 1.5102938759453357 -1.4001076572515108 -0.009651845403303131
Stone 0.6747270247762928 0.9418547773890847 0.9456124895903539 17.981560920060932 17.473314032411363 -2.0271211044950648 -0.009027573371817225
Stone 0.6 0.780656803614552 0.9795011538893356 32.55709770664244 18.138662652375587 -1.3769673676539138 2.661627109291353
Stone 0.41867018596667815 0.6 0.7285422780778061 22.141116253991314 10.130911704495173 -2.517297945088566 -0.390072207411144
Stone 0.37702217757116474 0.48675406290898604 0.6 28.259975829081657 9.710846154994584 -2.664843572518718 -0.10898515155643085
Stone 0.6 0.6 1.195603531703639 55.56252666227276 19.778430393198267 -0.7963477752450621 -0.3132503867210803
Stone 2.3669479843560466 2.6671992363368435 2.596702264302993 67.46857137268377 9.160458553050727 -0.652954451855586 -0.24901684307464744
Stone 2.783735304862071 2.683421530533927 2.7563145317222464 72.4314043955738 49.26930649107002 4.410103364714157 0.08175227986612255
Stone 0.6 0.9367477099041489 3.0074854630710552 62.42441874751216 12.600782883050499 -1.2165407871771916 -0.4487161494070546
Stone 1.5432641682263735 1.6857741658345282 2.9201892537472482 24.852000127303654 36.19428394426728 2.359006826526398 -0.49539655011145767
Obstacle 2.5758725014594135 0.8450035056881979 0.7607817095735722 45.172116176901 -15.173284995396493 -2.8542415240918118 -0.4921905141626852
Dust 1.4436360597610474 1.6152079105377197 1.9983015060424805 16.49782371520996 1.8137739896774292 -1.6659700870513916 0.0