Truck 3.377898485336896 2.714644647191263 8.601460966998857 33.062992147054956 5.130880010127839 0.08094729526549382 1.5969762655748116
Pedestrian 1.910646678830505 0.9807032300510037 0.8335294168349815 13.134270231185042 3.497956551590505 -1.1089935361097947 0.17840714333634833
Pedestrian 1.923743351195289 0.9196043898968422 0.8104819884677503 13.417815776634658 -2.615413870463184 -0.938426055670864 -3.0630528372500483
Dust 3.5185877077098597 6.765357192653196 6.943741133149136 8.46024112703617 0.17160825192240736 -0.012716829395090931 -3.065050398604208
Dust 1.4156828976723903 2.7607826574791154 4.228103013213578 12.855211239776168 0.41137439145131793 -1.15228557688902 -3.0703829250580905
Dust 1.8867166774715856 0.8901054255372254 3.520255608105775 6.096344547749509 3.8846520067976202 -0.6051057813677011 0.06003966020605279
Dust 1.0518399890700185 1.174040151369788 1.0633214612530553 6.848711849473811 3.771130515972367 -0.49246335981866407 1.6469103483243974
Dust 2.303901046514511 5.763820111751556 5.9310622215271 4.278424024581909 1.9852550327777863 -0.01775147020816803 0.0
Dust 0.8327630162239075 1.2943450212478638 0.9315557479858398 13.125499725341797 0.682454526424408 -1.3430025577545166 0.0
Dust 0.4049410820007324 0.7227020263671875 0.5938081741333008 11.058525085449219 -0.7134569883346558 -1.5219684839248657 0.0
Dust 0.004022002220153809 0.022871017456054688 0.021770477294921875 8.281253814697266 2.6526994705200195 -1.283768892288208 0.0