Car 2.2831322322844128 2.0907604328451495 4.548947309542385 21.463366762695028 0.35191601369322023 -1.0797491580924068 -0.13680029344529301
Stone 0.6747270247762928 0.9418547773890847 0.9456124895903539 14.329359440629297 16.808157974773714 -1.4097172301123204 -0.002437137394234491
Stone 0.6 0.780656803614552 0.9795011538893356 28.957411300797276 16.89335030771508 -0.47742891815735394 2.661627109291353
Stone 0.41867018596667815 0.6 0.7285422780778061 18.267284403616063 9.281503364921006 -1.8617679999214771 -0.390072207411144
Stone 0.37702217757116474 0.48675406290898604 0.6 24.336213717062144 8.855353971799115 -1.8007925530652358 -0.10898515155643085
Stone 0.6 0.6 1.195603531703639 51.9798148682171 17.853835192037664 1.0587984889406974 -0.2490692453688901
Stone 2.3669479843560466 2.6671992363368435 2.596702264302993 63.70388831544002 6.984633581523776 1.4747042949779021 -0.3130122489811061
Stone 2.783735304862071 2.683421530533927 2.7563145317222464 69.51723569746434 46.689457850032944 6.79353069990966 0.08175227986612255
Stone 0.6 0.9367477099041489 3.0074854630710552 58.54223050662618 10.273360680017015 0.5939759486912894 -0.533811292584306
Obstacle 2.5758725014594135 0.8450035056881979 0.7607817095735722 40.44903416013062 -16.637051217516102 -1.9844283792057276 -0.4921905141626852
Dust 1.604228913784027 3.1737347841262817 4.602939605712891 17.650484085083008 2.1674934029579163 -1.3052935302257538 0.0