Truck 4.490044809462973 4.0185476489503005 10.120826768872643 17.13717559738643 -18.62025571664026 1.145022404731487 -1.572603131343946
Obstacle 2.3452137553281127 4.554237750673003 2.364209281094643 39.586657936215886 27.55207118073713 0.571706691662372 0.03852028584930249
Obstacle 1.302366060118015 1.347732031097282 1.9292402535440916 69.7698091022813 17.4294864478843 0.28145215218876185 1.9058017164397256e-08
Obstacle 1.3803824360184236 1.8333500198703532 1 80.64244723385573 15.861042306040417 0.6698087819907892 1.9058017164397256e-08
Obstacle 1.9670500450546557 3.463978607197593 4.788178078795008 98.2765573376978 21.525897423746756 1.1861559795447378 0.024065573740426977
Obstacle 6.479501774595196 1 1 36.78680897384061 15.991227107470422 2.3249320029472527 -0.004986652837497774
Dust 1.673799991607666 3.0240859985351562 4.454767227172852 4.910811424255371 -2.3096389770507812 -0.10273700952529907 0.0
Dust 1.0790950059890747 1.1985530853271484 1.283390998840332 9.116552352905273 -1.4710814952850342 -0.5096974968910217 0.0
Dust 2.605898082256317 3.4769389927387238 2.25152587890625 17.98062515258789 -1.1972234696149826 0.3731250464916229 0.0
Dust 1.1875159740447998 0.6790160536766052 1.6628265380859375 11.409952163696289 -1.13121497631073 0.049789994955062866 0.0
Dust 0.24486005306243896 0.09221410751342773 0.31662464141845703 14.54415512084961 -1.0974889993667603 -0.7620159983634949 0.0
Dust 0.04295100271701813 0.10389184951782227 0.1884784698486328 8.813271522521973 -5.933110237121582 0.21667149662971497 0.0