Car 1.5491795879234385 2.1317499026626594 4.7234135844664475 29.118638292189953 -3.636189595877832 0.5430377986843142 0.052359877559829876
Truck 4.728647330965927 4.4471313902954925 10.085438180132167 20.77463795222983 -18.5470940416648 1.5166608875447807 -1.562069680534925
Obstacle 7.023527990246742 1.1980378713830986 1.1219731331945892 40.020254742181244 16.19614107310499 3.3566233240662653 -0.00013927380880701738
Dust 0.9603719711303711 0.8200340270996094 1.030285120010376 4.21187162399292 -6.007162094116211 -0.40428799390792847 0.0
Dust 1.5993520021438599 2.6914000511169434 4.836095333099365 4.191745758056641 -2.979116201400757 -0.15586000680923462 0.0
Dust 1.1501580476760864 1.088630199432373 1.3903627395629883 6.149448394775391 -5.642904281616211 -0.5366380214691162 0.0
Dust 1.0276360511779785 0.38436031341552734 0.6220545768737793 8.097663879394531 -5.240530014038086 0.24093100428581238 0.0
Dust 1.3483469486236572 2.2028369903564453 3.616161346435547 11.716727256774902 -2.8623874187469482 -0.14799651503562927 0.0
Dust 0.9041820215061307 0.9132521152496338 0.805173397064209 8.90106749534607 -2.2520551681518555 -0.46986201172694564 0.0
Dust 0.9102460145950317 0.9242608547210693 0.6209087371826172 16.481380462646484 -2.51479434967041 0.07229399681091309 0.0
Dust 0.8947719931602478 0.9187328815460205 0.9397830963134766 20.069595336914062 -2.548098564147949 0.056811004877090454 0.0
Dust 0.06933598220348358 0.14030218124389648 0.029868125915527344 13.261764526367188 -5.133077621459961 0.24643298983573914 0.0