Car 2.2831322322844128 2.0907604328451495 4.548947309542385 19.0151445674139 1.7977412941459159 -1.423298972893999 0.036469086097748515
Stone 0.6747270247762928 0.9418547773890847 0.9456124895903539 19.784463804915266 17.918614522664353 -2.2822811896846367 0.0058577216809990226
Stone 0.6 0.780656803614552 0.9795011538893356 34.31915226851296 18.748585969616894 -1.8577291430272038 2.661627109291353
Stone 0.41867018596667815 0.6 0.7285422780778061 24.070645959848772 10.542853035274675 -2.800141540361243 -0.390072207411144
Stone 0.37702217757116474 0.48675406290898604 0.6 30.083200711910106 10.342382758140674 -3.074369461314247 -0.10898515155643085
Stone 0.6 0.6 1.195603531703639 57.32714712347355 20.76877885136232 -1.374570752908865 -0.3211356637964912
Stone 2.3669479843560466 2.6671992363368435 2.596702264302993 69.45664911736996 10.50945221683698 -1.4728759186932014 -0.21751910423006232
Stone 2.783735304862071 2.683421530533927 2.7563145317222464 73.68769914656751 50.6893092271707 3.3854183800941438 0.08175227986612255
Stone 0.6 0.9367477099041489 3.0074854630710552 64.36458162048947 13.758917546259548 -2.0000357184102833 -0.40616857781842886
Stone 1.5432641682263735 1.6857741658345282 2.9201892537472482 26.28748861640757 36.86486488424461 2.04614571269645 -0.4655577830819192
Stone 1.4287182192526933 1.799984850266074 3.7672850120614516 23.32065933730465 38.66605998318096 1.7809146509574703 0.35496465234485036
Obstacle 2.5758725014594135 0.8450035056881979 0.7607817095735722 47.395293111993354 -14.36721035367566 -3.48749027914723 -0.4921905141626852
Dust 0.30870404818167363 0.30035097008041856 0.2862683364424136 17.140567407660114 2.831407126164737 -1.8784591367622177 0.07620730237377388
Dust 1.3570199012756348 2.231541097164154 2.495878219604492 15.944123268127441 2.4183094799518585 -1.6680669784545898 0.0