Car 2.2831322322844128 2.0907604328451495 4.548947309542385 24.12691643453897 -11.683728504694981 0.4390439785465632 -0.4834360152675982
Stone 0.3677537388607319 0.9977928694918123 1.353315092617848 5.513260428877791 3.950910567648469 -1.1193901685785905 -0.6013900836699038
Stone 0.19056086016944707 0.29738381665989316 0.5448831927151179 6.016030443513817 8.783690532807409 -0.7472008168917653 -0.9604633272334008
Stone 0.414443129867286 0.6 0.573746621270251 13.073758663952711 12.804521859222318 0.3272999680812287 -0.5263421082614422
Stone 0.6 0.6 1.195603531703639 22.9430865304884 22.004035923244547 1.9881245952158184 -0.25431780149337263
Stone 2.3669479843560466 2.6671992363368435 2.596702264302993 35.73448150178994 12.627879961708134 3.190595644864405 -0.075756553788127
Stone 0.3811198408104532 0.5512537654114673 0.760512116739001 29.270441457912145 3.83975974330348 0.9464813224340927 -0.03854633998636858
Stone 0.28469467645992697 0.7601009367400126 0.6 26.217948592728735 7.0690260494888735 1.0363159608306671 -0.038546339986376355
Stone 0.29403650690150623 1.1172993152921695 0.5891885535724151 11.864890560156876 -0.021490014194101792 -0.9424058011785721 -0.5770886159457935
Stone 0.22100797358882995 0.4385547412629897 0.45675103962816177 18.688707275370675 -2.3678530687572756 -0.5364047148001895 -0.5980025665023537
Stone 0.6 0.9367477099041489 3.0074854630710552 30.597322892442065 15.561284138312152 2.1561344214116285 -0.204965049897922
Obstacle 2.5758725014594135 0.8450035056881979 0.7607817095735722 16.047596996417134 -13.541858572427781 0.4120637492702932 -0.4921905141626852
Dust 0.38828887858813543 0.7109086965396019 0.5441695208112447 22.19369686893932 -9.303904800756497 0.5620556321731608 -0.46484476574446837
Dust 0.29013901948928833 0.23732995986938477 0.4668102264404297 16.36349868774414 0.7231000065803528 0.962181568145752 0.0
Dust 1.3347430229187012 2.144242763519287 1.6999292373657227 17.406504154205322 -7.472002029418945 -0.21535149216651917 0.0
Dust 0.001230001449584961 0.06789112091064453 0.05402565002441406 22.139583587646484 -9.231918334960938 0.5676199793815613 0.0
Dust 0.581028938293457 1.67305588722229 3.214437484741211 10.598474502563477 -2.9756689071655273 -0.7591894865036011 0.0