Car 2.2831322322844128 2.0907604328451495 4.548947309542385 22.217898351646628 -6.349073271715549 -0.2855888963021221 -0.6270226771847078
Stone 0.6 0.780656803614552 0.9795011538893356 20.34455626257059 14.250679608348548 0.855185110368697 2.661627109291353
Stone 0.41867018596667815 0.6 0.7285422780778061 9.166139123707019 7.600173073320512 -1.1171453145792352 -0.390072207411144
Stone 0.37702217757116474 0.48675406290898604 0.6 15.216985227129953 6.672855521719648 -0.7967747690821709 -0.10898515155643085
Stone 0.3677537388607319 0.6 1.353315092617848 22.164338592414 -0.8517989972640537 -0.9288267358835814 -0.7369962323611648
Stone 0.19056086016944707 0.29738381665989316 0.5448831927151179 24.118559319892775 3.890056621859174 -0.16842531373329278 -0.3623590248726619
Stone 0.6 0.6 1.195603531703639 43.22393380623324 12.979148129548998 3.4304821178547864 -0.6819234682319848
Stone 2.3669479843560466 2.6671992363368435 2.596702264302993 53.88317694114057 1.1470419697722545 3.8523854302025993 -0.44100306079402385
Stone 2.783735304862071 2.683421530533927 2.7563145317222464 63.09739301212649 40.19704204698405 10.329153923265633 0.08175227986612255
Stone 0.28469467645992697 0.7601009367400126 0.6 43.397167431499085 -2.129893656786 1.5190558954100757 -0.038546339986376355
Stone 0.6 0.9367477099041489 3.0074854630710552 48.91170658215193 5.038706818410211 3.0633796349153246 -0.7247325348775058
Obstacle 2.5758725014594135 0.8450035056881979 0.7607817095735722 29.100118431858633 -20.059139032409604 -0.6902828891768836 -0.4921905141626852
Stone 2.476036372205315 2.014067409114219 3.9300233939229607 61.80705135765154 68.20565647123861 18.827535379264834 -0.09687727943665815
Dust 2.2454581260681152 5.016129970550537 4.6757965087890625 16.343414306640625 -4.117876052856445 -0.6695759892463684 0.0