Car 2.2831322322844128 2.0907604328451495 4.548947309542385 21.898672857049796 -9.610938800713905 0.44969859563055714 -0.6525390272386045
Stone 0.6 0.780656803614552 0.9795011538893356 13.05794098690378 15.68751898377657 1.105266543430309 2.661627109291353
Stone 0.37702217757116474 0.48675406290898604 0.6 8.30602859034656 7.791756450611134 -0.6617747690821705 -0.10898515155643085
Stone 0.3677537388607319 0.6 1.353315092617848 15.841235747877457 0.5813113460367298 -0.46689016857859 -0.7093823311370534
Stone 0.19056086016944707 0.29738381665989316 0.5448831927151179 17.369941313463062 5.416656403802741 0.20906886035213784 -0.5796864187866335
Stone 0.414443129867286 0.6 0.573746621270251 25.008800066852018 8.197709494717401 1.705338188748575 -0.5263421082614423
Stone 0.6 0.6 1.195603531703639 35.847847973565976 15.650994660119432 4.058202872484434 -0.7779165770916721
Stone 2.3669479843560466 2.6671992363368435 2.596702264302993 47.17123578652017 4.221755544016238 5.033718866214291 -0.44100306079402385
Stone 2.783735304862071 2.683421530533927 2.7563145317222464 54.43579461520185 44.03857905499146 11.348598608886226 0.08175227986612255
Stone 0.28469467645992697 0.7601009367400126 0.6 36.91483488199896 0.5202569883584167 2.4595466536722728 -0.038546339986376355
Stone 0.29403650690150623 1.1172993152921695 0.5891885535724151 21.685381894511398 -4.256661473208793 -0.3395235484621936 -0.8740048973677573
Stone 0.6 0.9367477099041489 3.0074854630710552 42.25454154971386 8.113264371612868 3.9879033863584925 -0.4686730832916727
Obstacle 2.5758725014594135 0.8450035056881979 0.7607817095735722 23.565744097838724 -18.201787362715223 0.08720741112418519 -0.4921905141626852
Dust 2.161349058151245 4.868949890136719 4.219874382019043 12.182737350463867 -5.03127908706665 -0.26722252368927 0.0
Dust 0.009163975715637207 0.1712120771408081 0.19380569458007812 12.558270454406738 -1.4048309326171875 0.6305310130119324 0.0
Dust 0.06219200789928436 0.23109769821166992 0.08741378784179688 19.954853057861328 -6.548731803894043 -0.25800299644470215 0.0
Dust 0.9643529653549194 0.7916450500488281 0.6970329284667969 18.680070877075195 -6.405228614807129 -0.2769535183906555 0.0