Truck 3.377898485336896 2.714644647191263 8.601460966998857 33.062992147054956 5.130880010127839 0.08094729526549382 1.5969762655748116
Pedestrian 1.910646678830505 0.9807032300510037 0.8335294168349815 13.38020055319646 3.5463926916072523 -1.0086459616537458 0.17840714333634833
Pedestrian 1.923743351195289 0.9196043898968422 0.8104819884677503 13.912361071311468 -2.5600830106203976 -0.9371873816380732 -3.0630528372500483
Dust 3.5185877077098597 6.765357192653196 6.943741133149136 8.46024112703617 0.17160825192240736 -0.012716829395090931 -3.065050398604208
Dust 2.849956886106848 4.685137136302854 3.432604864247005 13.290292073718842 0.46866838885749434 -0.374145212574689 -3.0703829250580905
Dust 1.4855975394806313 1.9989400631969965 2.1544899463605134 15.177155580700495 3.695032714508455 -0.5301668044193367 -3.073646340328567
Dust 1.0740429954581427 0.8199760749995448 0.6453806719971686 12.191012666924394 3.772779807747156 -1.3800731592759792 2.17293491873294
Dust 1.9162313541252693 1.7215290894748811 1.0028072974221354 12.894526111631844 -2.8576498046835157 -0.5930899186331948 -3.073562765101954
Dust 2.8954310417175293 8.25932514667511 8.071359872817993 11.859017252922058 0.6146616339683533 -0.4025055170059204 0.0
Dust 0.0001730024814605713 0.017618894577026367 0.010701179504394531 7.013113498687744 -2.502690315246582 0.15950949490070343 0.0
Dust 0.0003200024366378784 0.020877957344055176 0.010210990905761719 4.3881707191467285 1.378035068511963 0.07004600018262863 0.0