Car 2.2831322322844128 2.0907604328451495 4.548947309542385 24.807172907945606 -11.219145541595756 0.6498531879941574 -0.42448267164467884
Stone 0.414443129867286 0.6 0.573746621270251 10.319323495848097 13.698403278219645 0.30729996808122867 -0.5263421082614423
Stone 0.6 0.6 1.195603531703639 19.80256598929686 23.319651265434622 1.9081245952158183 -0.14959804637371277
Stone 2.3669479843560466 2.6671992363368435 2.596702264302993 33.096150238608374 14.552550461803783 2.8843655860728727 -0.005052538569315021
Stone 0.3811198408104532 0.5512537654114673 0.760512116739001 26.914890928656725 5.5824067511566575 0.9852303614179283 -0.03854633998636858
Stone 0.28469467645992697 0.7601009367400126 0.6 23.72838135097587 8.645166105675575 1.042993964084874 -0.038546339986376355
Stone 0.29403650690150623 1.1172993152921695 0.5891885535724151 9.809606506351292 0.9421838201100461 -0.9578188948455181 -0.35019581318653065
Stone 0.22100797358882995 0.4385547412629897 0.45675103962816177 17.68355557124917 -2.559254164201282 -0.5356699177747186 -0.36238311748311935
Stone 0.6 0.9367477099041489 3.0074854630710552 27.486809012432584 17.40839206111155 2.1389848401902913 -0.20319244987636553
Obstacle 2.5758725014594135 0.8450035056881979 0.7607817095735722 14.558294364713932 -12.470961782983236 0.4120637492702932 -0.4921905141626852
Dust 1.016698610678824 0.7109086965396019 1.2909779157710064 24.378082873596373 -9.532129898278775 0.6371539030939773 -0.42121153444461024
Dust 1.1329536472222537 1.0872159947530244 0.6452372438913687 22.600792331550135 -9.757315179415658 0.12972324785610168 -0.4473914732245252
Dust 0.7057449817657471 0.6696462631225586 0.6952552795410156 24.340564727783203 -9.577003479003906 0.6157715320587158 0.0
Dust 1.727207899093628 2.8913707733154297 1.5513973236083984 15.632014274597168 -6.762113571166992 -0.05935099720954895 0.0
Dust 0.7002959847450256 0.7955312728881836 0.5820140838623047 22.77873992919922 -9.891424179077148 0.059314996004104614 0.0
Dust 0.19376200437545776 0.03405201435089111 3.62396240234375e-05 11.107666969299316 0.46216100454330444 0.30880600214004517 0.0
Dust 0.3627129793167114 0.6702879667282104 0.3340139389038086 7.595745086669922 -1.3063879013061523 -0.7868754863739014 0.0