Truck 3.377898485336896 2.714644647191263 8.601460966998857 33.062992147054956 5.130880010127839 0.08094729526549382 1.5969762655748116
Pedestrian 1.910646678830505 0.9807032300510037 0.8335294168349815 13.160467011286002 3.4515860250237873 -1.2684729138573447 0.17840714333634833
Pedestrian 1.923743351195289 0.9196043898968422 0.8104819884677503 14.340618912869605 -2.561913226232527 -0.8526272343327858 -3.0630528372500483
Dust 3.5185877077098597 6.765357192653196 6.943741133149136 8.46024112703617 0.17160825192240736 -0.012716829395090931 -3.065050398604208
Dust 2.7255570785880634 3.8449730847842405 3.4465755745764466 13.28355446726858 -0.10154430041108813 -0.49734848643118346 -3.0703829250580905
Dust 1.4855975394806313 2.0878310368505355 2.1544899463605134 14.715676356418443 3.229372860344085 -0.44670360947714144 -3.132254908641786
Dust 1.0740429954581427 1.0289030359370477 0.7498441524659201 12.083310756480877 3.215382261016657 -1.3800731592759792 2.17293491873294
Dust 1.9162313541252693 1.7215290894748811 1.2571570027627086 13.050757715618627 -2.178677186778244 -0.8734321677879959 3.1260906147499443
Dust 3.119369000196457 6.923332691192627 6.930268287658691 11.230350971221924 0.46907055377960205 -0.4012404829263687 0.0
Dust 0.40031298995018005 0.903933048248291 0.42464685440063477 4.945657730102539 -1.0580965280532837 -0.20123450458049774 0.0
Dust 0.420740008354187 0.4576871395111084 0.7712397575378418 6.503291130065918 2.670034408569336 -0.7671499848365784 0.0
Dust 0.020841002464294434 0.1468510627746582 0.16454601287841797 2.764091968536377 2.1208934783935547 -0.3588255047798157 0.0