Truck 4.490044809462973 4.0185476489503005 10.120826768872643 17.13717559738643 -18.62025571664026 1.145022404731487 -1.572603131343946
Obstacle 2.3452137553281127 4.554237750673003 2.364209281094643 39.59041646073888 27.597792218409268 0.5857779741943406 0.03852028584930249
Obstacle 1.302366060118015 1.347732031097282 1.9292402535440916 69.76980910228122 17.4294864478843 0.28145215218876185 1.9058017164397256e-08
Obstacle 1.3803824360184236 1.8333500198703532 1 80.64244723385582 15.861042306040417 0.6698087819907892 1.9058017164397256e-08
Obstacle 1.9670500450546557 3.463978607197593 4.788178078795008 98.2765573376978 21.525897423746756 1.1861559795447378 0.024065573740426977
Obstacle 6.479501774595196 1 1 36.790700149671466 15.988867786926676 2.352289899328877 -0.004986652837497774
Dust 2.152130961418152 3.504043221473694 7.479980111122131 6.153346240520477 -2.603902518749237 0.013784468173980713 0.0
Dust 2.5308570861816406 3.426464080810547 2.079875946044922 18.131189346313477 -1.164520025253296 0.33550649881362915 0.0
Dust 1.1726780086755753 0.7138400077819824 1.1740102767944336 11.654312133789062 -1.200219988822937 0.07209300249814987 0.0
Dust 0.16419300436973572 0.21985900402069092 0.1603717803955078 25.199092864990234 -0.6185544729232788 0.3593065142631531 0.0
Dust 0.24915701150894165 0.49051904678344727 0.07739067077636719 8.865694999694824 -6.156844139099121 0.17582949995994568 0.0