Truck 3.377898485336896 2.714644647191263 8.601460966998857 33.062992147054956 5.130880010127839 0.08094729526549382 1.5969762655748116
Pedestrian 1.910646678830505 0.9807032300510037 0.8335294168349815 13.361696096176274 3.5030822387030396 -1.0375156230097013 0.17840714333634833
Pedestrian 1.923743351195289 0.9196043898968422 0.8104819884677503 14.134783132955818 -2.666372464166064 -0.8949073079854295 -3.0630528372500483
Dust 3.5185877077098597 6.765357192653196 6.943741133149136 8.46024112703617 0.17160825192218 -0.012716829395090931 -3.065050398604208
Dust 2.4844155134936674 4.742285375057484 3.562064355628167 13.19520212391561 0.3255003230440349 -0.6179192689783813 -3.0703829250580905
Dust 1.4855975394806313 2.0878310368505355 2.1544899463605134 15.02476398412721 3.5806007060762797 -0.49679300130646376 -3.0966803213008878
Dust 1.0740429954581427 0.8199760749995448 0.6453806719971686 12.142901434805875 3.5527387608409753 -1.3800731592759792 2.17293491873294
Dust 1.9162313541252693 1.7215290894748811 1.0028072974221354 12.895573215519562 -2.8730178738785384 -0.3774381169792208 -3.1266303103939737
Dust 0.0014240145683288574 0.017428994178771973 0.012723922729492188 7.418872833251953 -1.5063834190368652 0.7567989826202393 0.0
Dust 2.418096035718918 8.022909998893738 6.824167728424072 12.056189775466919 0.7337060570716858 -0.8060569912195206 0.0
Dust 0.17211998999118805 0.10602600872516632 0.2820289134979248 3.532102584838867 -0.1956689953804016 0.1539590060710907 0.0
Dust 0.13571400940418243 0.10783898830413818 0.3837001323699951 2.689283847808838 1.515082597732544 -0.262347012758255 0.0