Car 2.2831322322844128 2.0907604328451495 4.548947309542385 21.82185595555457 -8.521142235655734 0.2328010335635379 -0.7053837184795441
Stone 0.6 0.780656803614552 0.9795011538893356 15.881169350241326 15.000131023219861 1.0173682137297946 2.661627109291353
Stone 0.41867018596667815 0.6 0.7285422780778061 4.753927786942497 8.121629898536517 -1.0385663127612499 -0.390072207411144
Stone 0.37702217757116474 0.48675406290898604 0.6 10.804977949553967 7.365971530009144 -0.6367747690821706 -0.10898515155643085
Stone 0.3677537388607319 0.6 1.353315092617848 18.14381266181023 -0.00721360791749477 -0.519117015206257 -0.7185862158643673
Stone 0.19056086016944707 0.29738381665989316 0.5448831927151179 19.750408702308004 4.648304232954818 0.13046127659458534 -0.5076487102483169
Stone 0.414443129867286 0.6 0.573746621270251 27.39036317480669 7.280433214928443 1.5908821266114417 -0.5263421082614423
Stone 0.6 0.6 1.195603531703639 38.615777601941865 14.502382185834065 3.8989591699919877 -0.8739096859513608
Stone 2.3669479843560466 2.6671992363368435 2.596702264302993 49.50882391338726 3.0299172603510005 4.96271042668361 -0.44100306079402385
Stone 2.783735304862071 2.683421530533927 2.7563145317222464 57.61256875942099 42.38265006713729 10.927620251363477 0.08175227986612255
Stone 0.28469467645992697 0.7601009367400126 0.6 39.27584896185801 -0.5988084541616503 2.2859414220100405 -0.038546339986376355
Stone 0.29403650690150623 1.1172993152921695 0.5891885535724151 23.957338293549338 -4.87549538072541 -0.4512676325285746 -0.8625495356733908
Stone 0.6 0.9367477099041489 3.0074854630710552 44.88757317621144 6.986381093322674 3.919482388770814 -0.5105298320070645
Obstacle 2.5758725014594135 0.8450035056881979 0.7607817095735722 25.546347740628963 -18.97395205232075 0.005492972235477379 -0.4921905141626852
Dust 2.0438590049743652 5.545628070831299 3.7593212127685547 13.667291641235352 -4.804289817810059 -0.4811275005340576 0.0
Dust 0.0020329952239990234 0.08806705474853516 0.0412139892578125 16.074668884277344 -1.347427487373352 0.8618155121803284 0.0
Dust 0.00021597743034362793 0.031126976013183594 0.022836685180664062 19.983661651611328 -6.548557281494141 -0.4454929828643799 0.0