Truck 4.490044809462973 4.0185476489503005 10.120826768872643 17.13717559738643 -18.62025571664026 1.145022404731487 -1.572603131343946
Obstacle 2.3452137553281127 4.554237750673003 2.364209281094643 39.56410678907764 27.277744954706122 0.4872789964705599 0.03852028584930249
Obstacle 1.302366060118015 1.347732031097282 1.9292402535440916 69.76980910228122 17.429486447884074 0.28145215218876185 1.9058017164397256e-08
Obstacle 1.3803824360184236 1.8333500198703532 1 80.64244723385582 15.861042306040417 0.6698087819907892 1.9058017164397256e-08
Obstacle 1.9670500450546557 3.463978607197593 4.788178078795008 98.2765573376978 21.525897423746983 1.1861559795447378 0.024065573740426977
Obstacle 6.479501774595196 1 1 36.76346191885614 16.005383030732673 2.1607846246575058 -0.004986652837497774
Dust 0.02726799249649048 0.13177776336669922 0.18575406074523926 3.2707881927490234 -4.10274600982666 -0.9308559894561768 0.0
Dust 1.5380840301513672 2.817009925842285 2.9277039766311646 5.416753947734833 -1.8716819286346436 -0.17096400260925293 0.0
Dust 2.2263300120830536 2.5122900009155273 4.279068946838379 10.32007884979248 -1.6700429916381836 0.018596991896629333 0.0
Dust 1.0220880210399628 1.5860649645328522 1.279296875 15.349035263061523 -0.22759248316287994 -0.44659797847270966 0.0
Dust 0.005510002374649048 0.17641067504882812 0.09299278259277344 6.373231410980225 -4.490942478179932 0.3271160125732422 0.0