Truck 4.490044809462973 4.0185476489503005 10.120826768872643 17.13717559738643 -18.62025571664026 1.145022404731487 -1.572603131343946
Dust 0.4560499971720116 1.0873441015335636 1.1139898730476092 17.344776891770078 -1.901702563301733 1.4598103192933674 0.04151887026261504
Obstacle 2.3452137553281127 4.554237750673003 2.364209281094643 39.58289941169286 27.506350143065447 0.5576354091304033 0.03852028584930249
Obstacle 1.302366060118015 1.347732031097282 1.9292402535440916 69.76980910228131 17.4294864478843 0.28145215218876185 1.9058017164397256e-08
Obstacle 1.3803824360184236 1.8333500198703532 1 80.64244723385572 15.861042306040417 0.6698087819907892 1.9058017164397256e-08
Obstacle 1.9670500450546557 3.463978607197593 4.788178078795008 98.2765573376978 21.525897423746756 1.1861559795447378 0.024065573740426977
Obstacle 6.479501774595196 1 1 36.78291779800975 15.993586428014169 2.2975741065656283 -0.004986652837497774
Dust 1.7412240505218506 3.1305959224700928 4.206605911254883 5.066315174102783 -2.3768749237060547 -0.06299898028373718 0.0
Dust 1.051906943321228 1.059830904006958 1.222015380859375 9.044154167175293 -1.4401274919509888 -0.40095749497413635 0.0
Dust 1.5992950201034546 0.8282909989356995 1.5202741622924805 11.701990127563477 -1.0874085426330566 -0.08624649047851562 0.0
Dust 0.3141469955444336 0.2136639952659607 0.3521900177001953 14.67788314819336 -1.026034951210022 -0.6771954894065857 0.0
Dust 2.4391640424728394 2.7400699853897095 2.874302864074707 17.79248285293579 -0.8847669959068298 0.33784300088882446 0.0