Truck 3.377898485336896 2.714644647191263 8.601460966998857 33.062992147054956 5.130880010127839 0.08094729526549382 1.5969762655748116
Pedestrian 1.910646678830505 0.9807032300510037 0.8335294168349815 13.29656666838855 3.421502640152391 -1.0286063157491023 0.17840714333634833
Pedestrian 1.923743351195289 0.9196043898968422 0.8104819884677503 13.545871367325617 -2.5964784513501398 -0.9432681450717786 -3.0630528372500483
Dust 3.5185877077098597 6.765357192653196 6.943741133149136 8.46024112703617 0.17160825192218 -0.012716829395090931 -3.065050398604208
Dust 1.7336286613919787 1.2508193144839852 2.450670172796397 6.107891666530378 3.626261416256244 1.5598897696749847 -3.1014723846919168
Dust 0.7817068906902989 0.37184390662267036 0.5345065483750039 8.386567205468184 4.655743332721213 -0.6575704729411146 1.464785855572678
Dust 2.244834249228108 1.174040151369788 1.449466950162885 7.098974601544514 3.2212635892887107 -0.49280282069489956 1.6197764296362414
Dust 0.9684093667377536 0.9726394335154134 0.6467039370177894 6.583299780017047 3.5394683001438505 0.062132716306533324 -1.6053534346238303
Dust 2.9159140586853027 7.4957427978515625 6.2487874031066895 5.410531759262085 1.2724473476409912 0.12875401973724365 0.0
Dust 0.07130897045135498 0.16055893898010254 0.1621255874633789 9.952804565429688 1.8351705074310303 -1.464153528213501 0.0
Dust 0.20012295246124268 0.0005120038986206055 0.029085159301757812 10.995583534240723 1.1397969722747803 -1.5278005599975586 0.0