Truck 4.490044809462973 4.0185476489503005 10.120826768872643 25.131053496637378 -19.084514364591517 1.433383060272554 -1.572603131343946
Car 1.5653857482532516 1.8725448089438652 4.604250901138933 15.17606718889158 -4.427808680013763 -0.18542616064052492 0.03490658503988645
Dust 0.650114259334813 0.47599567293662404 6.562215789957062 12.762717280681978 -3.3442048034980116 -0.5920941362839989 0.02617993877991492
Dust 0.5926625845314011 1.7900570955383825 3.063169181115039 11.324500922953863 -4.528961751352062 -0.4676788522322296 0.03279222400264339
Obstacle 2.3452137553281127 4.554237750673003 2.364209281094643 47.818925891511675 26.645843203555817 0.9141078999402762 0.03367214903820712
Obstacle 1.302366060118015 1.347732031097282 1.9292402535440916 78.15158854212768 16.649018767298458 1.1143262254246635 1.9058017164397256e-08
Obstacle 1.3803824360184236 1.8333500198703532 1 88.77607002555821 15.285678652440765 1.3695875790589929 1.9058017164397256e-08
Obstacle 1.9670500450546557 3.463978607197593 4.788178078795008 106.3939794662378 20.27489541675459 2.003933757322516 0.024065573740426977
Obstacle 6.479501774595196 1 1 45.01183073832863 15.543663762587915 3.0405569767192118 -0.004986652837497774
Dust 1.4080480337142944 3.8987059593200684 4.049464225769043 4.111865997314453 -4.315077066421509 -0.5173839926719666 0.0
Dust 1.085906982421875 2.4309940338134766 8.661691665649414 11.36874771118164 -4.109766960144043 -0.504177451133728 0.0