Car 1.5491795879234385 2.1317499026626594 4.7234135844664475 33.82989870237702 -3.492884278862107 0.7205377986843142 0.053450708342326333
Truck 4.728647330965927 4.4471313902954925 10.085438180132167 19.871531065149384 -18.53428464410615 1.489582308811899 -1.562069680534925
Obstacle 7.023527990246742 1.1980378713830986 1.1219731331945892 39.17274475096815 16.192819516168015 3.433882131958979 -0.00013927380880701738
Dust 0.04731100797653198 0.3271632194519043 0.12424683570861816 3.754861354827881 -6.142258644104004 -0.1230195015668869 0.0
Dust 1.5384780168533325 2.859984874725342 3.8765339851379395 4.13088321685791 -2.8387625217437744 -0.17848998308181763 0.0
Dust 0.9835360050201416 0.759181022644043 0.6109962463378906 5.619690895080566 -6.067052364349365 -0.3314099907875061 0.0
Dust 1.164653979241848 2.051457107067108 0.9784412384033203 10.316487312316895 -2.7438644468784332 -0.13206000998616219 0.0
Dust 1.3355629444122314 1.3080480098724365 0.9432611465454102 8.174491882324219 -2.212441921234131 -0.3287905156612396 0.0
Dust 1.439774990081787 1.3625218868255615 1.3597536087036133 12.291330337524414 -2.213128089904785 -0.10506951808929443 0.0
Dust 1.007773995399475 0.8616479635238647 0.9603757858276367 15.862564086914062 -2.079828977584839 -0.20525598526000977 0.0
Dust 1.238698959350586 1.7014080286026 0.9452629089355469 19.985567092895508 -2.1564650535583496 0.05268150568008423 0.0
Dust 0.04567301273345947 0.13127803802490234 0.04135322570800781 18.627639770507812 -3.0489680767059326 0.49136149883270264 0.0
Dust 0.6098219752311707 0.31702280044555664 0.563621997833252 7.131080627441406 -5.110654830932617 0.0916140004992485 0.0