Car 2.2831322322844128 2.0907604328451495 4.548947309542385 21.970632193755506 -1.7484619589881571 -1.3328681114473944 -0.332889246941059
Stone 0.6747270247762928 0.9418547773890847 0.9456124895903539 10.81027318436596 16.089519605064815 -1.2123133557295764 0.004153298583348241
Stone 0.6 0.780656803614552 0.9795011538893356 25.42702006148884 15.662931368604955 -0.266997992992401 2.661627109291353
Stone 0.41867018596667815 0.6 0.7285422780778061 14.401480815925854 8.504218148237758 -1.8294566572503563 -0.390072207411144
Stone 0.37702217757116474 0.48675406290898604 0.6 20.498265990298354 7.86472542331081 -1.7617329505244548 -0.10898515155643085
Stone 0.6 0.6 1.195603531703639 48.53766296056648 15.674156418193839 1.2222429245656257 -0.37853045282217357
Stone 2.3669479843560466 2.6671992363368435 2.596702264302993 59.70038988713293 4.377795823595761 1.391633624422846 -0.37700765488756494
Stone 2.783735304862071 2.683421530533927 2.7563145317222464 67.12543382130866 43.67388922786717 7.35248147517585 0.08175227986612255
Stone 0.6 0.9367477099041489 3.0074854630710552 54.74607376509857 7.842448829298746 0.7234016122964504 -0.6134522818490756
Obstacle 2.5758725014594135 0.8450035056881979 0.7607817095735722 35.679810597070194 -18.1290281928137 -1.9663704081355584 -0.4921905141626852
Dust 0.2344680872042502 0.5026232212989741 0.4168290852348673 20.349185392038223 0.26070300734659596 -0.14022862565741767 -0.325218425584922
Dust 0.0011050030589103699 0.1465509831905365 0.07555580139160156 20.38814926147461 0.305278480052948 -0.11143049597740173 0.0
Dust 0.8173220157623291 1.0986220836639404 1.4149284362792969 14.720660209655762 3.501884937286377 -1.1103789806365967 0.0
Dust 1.5385141372680664 2.864008903503418 1.8819866180419922 18.783538818359375 -0.11242848634719849 -1.6170480251312256 0.0
Dust 0.7567460536956787 0.820580005645752 1.6473884582519531 21.71516227722168 -3.3831748962402344 -2.065441131591797 0.0