Truck 4.490044809462973 4.0185476489503005 10.120826768872643 17.13717559738643 -18.62025571664026 1.145022404731487 -1.572603131343946
Obstacle 2.3452137553281127 4.554237750673003 2.364209281094643 39.57162383812374 27.369187030049716 0.5154215615344973 0.03852028584930249
Obstacle 1.302366060118015 1.347732031097282 1.9292402535440916 69.76980910228122 17.429486447884074 0.28145215218876185 1.9058017164397256e-08
Obstacle 1.3803824360184236 1.8333500198703532 1 80.64244723385582 15.861042306040417 0.6698087819907892 1.9058017164397256e-08
Obstacle 1.9670500450546557 3.463978607197593 4.788178078795008 98.2765573376978 21.525897423746983 1.1861559795447378 0.024065573740426977
Obstacle 6.479501774595196 1 1 36.771244270517855 16.00066438964518 2.2155004174207553 -0.004986652837497774
Dust 0.037351012229919434 0.568760871887207 0.461514949798584 3.1946604251861572 -3.8708314895629883 -0.8907214999198914 0.0
Dust 1.5577369928359985 3.8301217555999756 3.2105634212493896 5.644979119300842 -2.48991596698761 -0.1286424994468689 0.0
Dust 2.1536640524864197 2.2661728858947754 4.008519649505615 10.511647939682007 -1.5769734382629395 -0.016122013330459595 0.0
Dust 0.42785197496414185 0.19108104705810547 0.33484554290771484 14.837614059448242 -0.940327525138855 -0.567188024520874 0.0
Dust 0.7564930319786072 0.5885839462280273 1.0445070266723633 15.982856750488281 0.23213998973369598 -0.48189249634742737 0.0
Dust 0.8377560377120972 0.3891500234603882 0.5386734008789062 18.581398010253906 -0.8217620253562927 -0.45896100997924805 0.0
Dust 0.003121018409729004 0.11165189743041992 0.10827255249023438 12.296818733215332 -6.842572212219238 -0.718158483505249 0.0