Truck 3.377898485336896 2.714644647191263 8.601460966998857 33.062992147054956 5.130880010127839 0.08094729526549382 1.5969762655748116
Pedestrian 1.910646678830505 0.9807032300510037 0.8335294168349815 13.495278276663885 3.6064005826281047 -0.9922159347427639 0.17840714333634833
Pedestrian 1.923743351195289 0.9196043898968422 0.8104819884677503 14.19499476926876 -2.1832283144397024 -0.9001262545769276 -3.0630528372500483
Dust 3.5185877077098597 6.765357192653196 6.943741133149136 8.46024112703617 0.17160825192218 -0.012716829395090931 -3.065050398604208
Dust 2.5887114431877842 4.019552645285202 4.494224328717009 12.677707336671661 1.0296971013484724 -0.5657713041313231 -3.0703829250580905
Dust 1.0740429954581427 0.8049751906604115 1.0632345938721741 12.02067177572826 3.155608707755846 -1.3800731592759792 2.17293491873294
Dust 1.9162313541252693 1.091403115523213 1.0028072974221354 12.941041242066422 -2.06152101012306 -0.8521918843326406 -3.0622085584364047
Dust 0.6950110197067261 1.4823380708694458 0.9948410987854004 1.9614315032958984 2.1978330612182617 -0.017662495374679565 0.0
Dust 2.5265679359436035 6.862228751182556 6.5706610679626465 11.100875616073608 0.09702843427658081 -0.6449069976806641 0.0
Dust 0.6146219968795776 0.5765269994735718 0.9060707092285156 6.214137554168701 -0.6005204916000366 -0.14687900245189667 0.0
Dust 0.2722979784011841 1.2340009212493896 0.5455260276794434 3.749138116836548 1.2708765268325806 -0.17817699909210205 0.0
Dust 0.14014899730682373 0.1146550178527832 0.2627420425415039 6.575276851654053 -1.6822885274887085 -0.6205934882164001 0.0