Truck 3.377898485336896 2.714644647191263 8.601460966998857 33.062992147054956 5.130880010127839 0.08094729526549382 1.5969762655748116
Pedestrian 1.910646678830505 0.9807032300510037 0.8335294168349815 13.180504757859126 3.485149781103246 -1.0876670627002096 0.17840714333634833
Pedestrian 1.923743351195289 0.9196043898968422 0.8104819884677503 13.354397805455733 -2.663726668733034 -0.9370882877154482 -3.0630528372500483
Dust 3.5185877077098597 6.765357192653196 6.943741133149136 8.46024112703617 0.17160825192240736 -0.012716829395090931 -3.065050398604208
Dust 1.2189845340394194 2.7607826574791154 3.799994810012406 13.068722855180951 0.42660424697584853 -1.2506347587055053 -3.0703829250580905
Dust 1.896436246545906 0.9506248998559556 3.078422318301292 6.588011540993173 3.6908415131359424 -0.47179801033970303 0.06334131310835414
Dust 1.6385805824862094 1.174040151369788 1.163539978260034 6.8816784794030585 3.754311939626413 -0.5892478133059642 1.6256555593688409
Dust 2.4818501472473145 5.660274505615234 6.079960823059082 4.293731689453125 1.483573079109192 0.07552796602249146 0.0
Dust 0.002366960048675537 0.04494801163673401 0.02624797821044922 11.992494583129883 -0.44686001539230347 -0.8371474742889404 0.0
Dust 0.5428969860076904 0.4174579977989197 0.3771800994873047 12.826593399047852 0.9656499624252319 -1.5503535270690918 0.0
Dust 0.004052996635437012 0.037071943283081055 0.035843849182128906 11.598526000976562 1.2270209789276123 -1.3746864795684814 0.0