Car 1.5491795879234385 2.1317499026626594 4.7234135844664475 24.194956374369326 -3.8019747579530945 0.3630377986843143 0.043633231299858244
Truck 4.728647330965927 4.4471313902954925 10.085438180132167 22.31577836869519 -18.62717745431387 1.5266637953602855 -1.562069680534925
Obstacle 7.023527990246742 1.1980378713830986 1.1219731331945892 41.64804515716128 16.097686348295497 3.5322115238224336 -0.00013927380880701738
Dust 0.6937819868326187 0.5731848474518215 0.887662859546519 19.89517506793147 -3.302460224104256 0.022436001598834916 0.11758772675782862
Dust 0.4979590177536011 0.3300328254699707 0.6750130653381348 3.539273500442505 -5.218682289123535 -0.7684925198554993 0.0
Dust 0.9484109878540039 1.1515650749206543 1.1035242080688477 5.060844898223877 -6.04862117767334 -0.5395904779434204 0.0
Dust 1.5394949913024902 2.1237621307373047 4.902811050415039 4.852716445922852 -3.1141200065612793 -0.28491151332855225 0.0
Dust 0.4334679841995239 0.8004279136657715 1.374135971069336 7.2674360275268555 -5.306490898132324 -0.3810809850692749 0.0
Dust 1.1778569445014 1.1842620372772217 2.050276279449463 9.195578336715698 -2.649037003517151 -0.33638449385762215 0.0
Dust 0.8362770080566406 1.579719066619873 1.2687416076660156 11.667457580566406 -3.0907235145568848 -0.2394995093345642 0.0
Dust 1.0843629837036133 1.558722972869873 0.9286623001098633 13.878000259399414 -3.0190274715423584 -0.1983805149793625 0.0
Dust 0.07725498080253601 0.24918913841247559 0.47994232177734375 16.763925552368164 -3.534552574157715 0.49677348136901855 0.0
Dust 0.20728400349617004 0.20774126052856445 0.4109315872192383 13.974931716918945 -4.9765777587890625 0.10600399971008301 0.0
Dust 0.15428699553012848 0.15973901748657227 0.24410629272460938 19.871532440185547 -3.2340564727783203 0.07218349725008011 0.0
Dust 0.10457900166511536 0.16708803176879883 0.19033432006835938 9.514922142028809 -4.912966728210449 0.5458675026893616 0.0