Truck 3.377898485336896 2.714644647191263 8.601460966998857 33.062992147054956 5.130880010127839 0.08094729526549382 1.5969762655748116
Pedestrian 1.910646678830505 0.9807032300510037 0.8335294168349815 13.377809275060372 3.5873218128472217 -1.0843015944476242 0.17840714333634833
Pedestrian 1.923743351195289 0.9196043898968422 0.8104819884677503 14.177689753234063 -2.2483489065602953 -0.8701998899446658 -3.0630528372500483
Dust 3.5185877077098597 6.765357192653196 6.943741133149136 8.46024112703617 0.17160825192240736 -0.012716829395090931 -3.065050398604208
Dust 2.4756247697113207 4.0994872778056655 2.8970626862279154 13.496389272139483 0.7763393271188838 -0.6223146408695543 -3.0703829250580905
Dust 1.0740429954581427 0.7801804633924014 1.0632345938721741 11.979028932291495 3.220198741793149 -1.3800731592759792 2.17293491873294
Dust 1.9162313541252693 1.7215290894748811 1.0028072974221354 12.955669547097386 -2.4213223024821673 -0.7820336514451407 -3.108685047488285
Dust 2.5400900840759277 7.192408919334412 6.219503879547119 10.421400785446167 0.24125558137893677 -0.5717560052871704 0.0
Dust 1.2937750816345215 1.280236005783081 0.7298378944396973 6.214858055114746 -1.3198679685592651 -0.3302524983882904 0.0
Dust 0.7561679780483246 1.5689679384231567 2.585057854652405 2.696246922016144 2.031239867210388 -0.20020098984241486 0.0
Dust 0.0004430115222930908 0.005878999829292297 0.008240938186645508 3.2387733459472656 -0.135188490152359 -0.20387350022792816 0.0