Car 2.2831322322844128 2.0907604328451495 4.548947309542385 16.336195095395038 2.305058521694259 -0.9097067896397206 0.18649770980260166
Stone 0.6747270247762928 0.9418547773890847 0.9456124895903539 23.507101533214257 19.348122944622432 -2.2526013600637804 0.03562831178663152
Stone 0.6 0.780656803614552 0.9795011538893356 38.08511736464888 21.00396731945278 -2.025871154915641 2.661627109291353
Stone 0.37702217757116474 0.48675406290898604 0.6 34.29204666366883 12.516184507585374 -3.2277040705983913 -0.10898515155643085
Stone 2.3669479843560466 2.6671992363368435 2.596702264302993 73.66671679195062 14.657885951786248 -1.9765838198775343 -0.15452362654089208
Stone 2.783735304862071 2.683421530533927 2.7563145317222464 76.07656402781939 55.03935041803763 3.6186748433528697 0.08175227986612255
Stone 0.6 0.9367477099041489 3.0074854630710552 68.32967235369838 17.827376992321394 -2.469283408970096 -0.32376642313546583
Stone 1.5432641682263735 1.6857741658345282 2.9201892537472482 29.07098264216025 38.573500998158515 2.3304234850365546 -0.40588024902284237
Stone 1.4287182192526933 1.799984850266074 3.7672850120614516 26.127865373660452 40.22414333557195 2.309898283667211 0.31508055264857854
Obstacle 2.5758725014594135 0.8450035056881979 0.7607817095735722 52.994152605777444 -11.051966486841021 -4.1868224673323935 -0.4921905141626852
Dust 1.1649710088968277 1.4800500273704529 1.930408000946045 6.374506950378418 0.7425710260868073 -0.18695148080587387 0.0
Dust 0.41940200328826904 1.8901139497756958 1.6575403213500977 13.083137512207031 1.5044200420379639 -1.6303670406341553 0.0
Dust 0.005868017673492432 0.07404899597167969 0.07040882110595703 10.017154693603516 2.2476065158843994 -0.8715419769287109 0.0