Car 2.2831322322844128 2.0907604328451495 4.548947309542385 21.72165331861515 -0.6788219631716302 -1.343296568706966 -0.23484477019317604
Stone 0.6747270247762928 0.9418547773890847 0.9456124895903539 12.56311229462556 16.415433896044927 -1.1310152929209483 0.0008580805945568749
Stone 0.6 0.780656803614552 0.9795011538893356 27.050775224195775 16.301606115911827 -0.266997992992401 2.661627109291353
Stone 0.41867018596667815 0.6 1.3402302232634429 16.607488130109004 8.726515363544035 -1.8456123285859167 -0.390072207411144
Stone 0.37702217757116474 0.48675406290898604 0.6 22.34097592827942 8.398563603895212 -1.7862671768360192 -0.10898515155643085
Stone 0.6 0.6 1.195603531703639 50.207112103218876 16.8431710077018 1.0140221024220555 -0.21697867469279508
Stone 2.3669479843560466 2.6671992363368435 2.596702264302993 61.69011159596704 5.647747679207946 1.1964741612647702 -0.3450099519343355
Stone 2.783735304862071 2.683421530533927 2.7563145317222464 68.42842839331446 45.238613860344074 7.405471365622941 0.08175227986612255
Stone 0.6 0.9367477099041489 3.0074854630710552 56.603930128580025 9.126378893423736 0.5739440065220832 -0.576358864172932
Obstacle 2.5758725014594135 0.8450035056881979 0.7607817095735722 38.088860747027496 -17.41505514473463 -2.0827274145647854 -0.4921905141626852
Stone 2.476036372205315 2.014067409114219 3.9300233939229607 64.86325822750908 73.10741602519364 15.793598996574161 -0.09687727943665815
Dust 0.7452100055154767 0.7520816199626811 1.1537824485689963 20.945812263631993 0.806513272430211 -0.8108516515325401 -0.24667860924517726
Dust 1.7205450534820557 3.053755044937134 4.512807846069336 19.19009304046631 1.132757544517517 -1.410812497138977 0.0
Dust 1.222561001777649 1.3046858310699463 1.7343559265136719 15.069219589233398 3.079759120941162 -1.1986024379730225 0.0