Car 2.2831322322844128 2.0907604328451495 4.548947309542385 22.184869343990517 -3.3282075217547593 -1.1207629736693676 -0.43093372368894195
Stone 0.6747270247762928 0.9418547773890847 0.9456124895903539 9.117554220115068 15.718986542515799 -0.9936114185382043 0.00744851657213961
Stone 0.6 0.780656803614552 0.9795011538893356 23.78479495425248 14.988776187970949 0.09300200700759886 2.661627109291353
Stone 0.41867018596667815 0.6 0.7285422780778061 12.60566755077268 8.080837444077787 -1.5733009859147957 -0.390072207411144
Stone 0.37702217757116474 0.48675406290898604 0.6 18.76380428050421 7.308989507676552 -1.4471992258325117 -0.10898515155643085
Stone 0.3677537388607319 0.6 1.353315092617848 26.050967692268912 -0.07311768203092867 -1.864421731146465 -0.754832691446994
Stone 0.6 0.6 1.195603531703639 46.677012765973785 14.143878120638387 1.682242924565626 -0.656041859866641
Stone 2.3669479843560466 2.6671992363368435 2.596702264302993 57.657465730371484 2.7239279167518218 1.9655047650778883 -0.4090053578407944
Stone 2.783735304862071 2.683421530533927 2.7563145317222464 66.1522326238033 42.159886410365715 8.109075327857814 0.08175227986612255
Stone 0.6 0.9367477099041489 3.0074854630710552 52.88821740161715 6.558518765173887 1.1928592180708177 -0.6505456995252192
Obstacle 2.5758725014594135 0.8450035056881979 0.7607817095735722 33.313169492770804 -19.081331836591872 -1.8886514892282225 -0.4921905141626852
Stone 2.476036372205315 2.014067409114219 3.9300233939229607 64.55489186203056 70.05667326939314 16.797185554056558 -0.09687727943665815
Dust 1.865576982498169 4.496651649475098 4.778114318847656 19.06838035583496 -2.5270700454711914 -1.4785715341567993 0.0