Stone 0.5498596581823586 0.64402374670713 0.6148170331514813 37.53059667703825 -18.61926956340072 -2.1091891649613226 -0.2460339083439882
Stone 0.6793052389274136 0.960390096122341 0.7452157819574126 38.7468504671534 -21.947088473023445 -1.9656457153748212 -0.4974188368183843
Stone 0.46514834588425524 1.014408337845242 0.8665030820426665 30.13893397318095 -29.179407694620746 -2.287095430480012 -0.2460339083439882
Stone 0.5498596581823586 0.64402374670713 0.6148170331514813 32.20034305284571 -30.142278350195284 -2.12252249829465 -0.2460339083439882
Stone 0.6431855722368238 0.7062410227434401 0.6472392822128488 29.19603786173488 -33.80592821017207 -2.0958595412674175 -0.2460339083439882
Stone 0.5965226152095913 0.846229893825138 0.6148170331514813 37.17219424694122 -25.203696386935917 -1.9991910197810336 -0.2460339083439882
Stone 0.581408293636652 0.8488698784419682 0.7670831210548372 38.444502117747106 -24.266733458125145 -1.9423024995765807 -0.3245737246837331
Stone 0.6609085665530372 0.7529039797706728 0.7002723897366262 49.20353978111915 -21.3085774326986 -1.5353326451972438 -0.2460339083439882
Stone 0.5986846143216398 0.8253060942907354 0.6420842305887968 37.63381856502019 -22.182251821721366 -2.049543853426801 -0.49085889883996675
Stone 0.42823866065635324 1.6076889465805129 0.9237032561024952 31.139169105176734 6.552234927547715 -2.447310064174206 -0.5350686104895175
Stone 2.1394303442353286 1.8861119636210772 1.342811256049381 75.60505886435112 -15.759624446181078 1.542007136937531 0.5497787143782142
Dust 0.7716378042368904 2.3712930476320784 1.8696003091383187 5.596690956747649 2.8196211494906236 -1.1281550207670268 3.056738617072421
Dust 0.6265102034613872 3.982191955735157 3.3109736781479278 21.106025410198118 -0.28760408855164565 -0.3411570355894571 3.0995040730573127
Dust 0.27899298071861267 1.849181056022644 1.1104774475097656 21.92953109741211 -1.273010492324829 -0.32363951206207275 0.0
Dust 0.09963101148605347 0.19704294204711914 0.34044837951660156 20.32040023803711 1.064157485961914 -0.36365050077438354 0.0
Dust 0.2634390592575073 0.3172950744628906 0.24963903427124023 4.999736785888672 2.2985024452209473 -1.1851544380187988 0.0