Stone 0.6600656148654738 0.8282118690548653 0.666078745014086 28.520419223847533 21.122235230885664 -2.389967192567264 -0.11378712431442195
Stone 0.6 0.6 0.6 21.320443687022248 21.582084634766034 -2.740000000000001 -0.11378712431442557
Stone 0.44609637991851725 0.6 0.6 23.597712502591094 10.518666453933292 -2.643757144897664 -0.11378712431442557
Dust 1.9521289765834808 2.3621190489841988 3.8387093256653007 3.7299525436616334 1.8508268702852546 -0.9356104880571365 -2.6132677892539515
Dust 3.286549740467202 5.557700887244306 5.612390594469275 11.571855420559986 4.884027795336272 0.7900460921444592 -2.6132677892539515
Dust 2.822228035889566 1.8241874151153485 2.7201818759814813 26.5006159116961 11.90845900905892 -0.5502496071159848 -2.5994008913308884
Dust 1.9521289467811584 3.0288280844688416 3.030642032623291 3.455389976501465 2.0182049572467804 -0.935610443353653 0.0
Dust 0.9888489842414856 0.7390871047973633 1.5052051544189453 26.223609924316406 11.767765045166016 -0.4802285134792328 0.0
Dust 0.8907760381698608 0.8226437568664551 0.6061429977416992 12.857189178466797 6.905341148376465 0.06174200773239136 0.0
Dust 2.8553810715675354 1.574199914932251 1.243088722229004 9.412991523742676 5.395799994468689 0.9237625300884247 0.0
Dust 0.15662610530853271 0.0669240951538086 0.26045989990234375 10.67823314666748 2.247983932495117 2.0212090015411377 0.0