Stone 0.5498596581823586 0.64402374670713 0.6148170331514813 37.529011366612394 -18.62763537423143 -2.114522498294657 -0.2460339083439882
Stone 0.6793052389274136 0.960390096122341 0.7452157819574126 38.747454653918794 -21.94741651967115 -1.9656457153748212 -0.4974188368183843
Stone 0.46514834588425524 1.014408337845242 0.8665030820426665 30.124395665383418 -29.18384869103079 -2.287095430480012 -0.2460339083439882
Stone 0.5498596581823586 0.64402374670713 0.6148170331514813 32.20034305284571 -30.14227835019551 -2.12252249829465 -0.2460339083439882
Stone 0.6431855722368238 0.7062410227434401 0.6472392822128488 29.15120942356043 -33.72926270362041 -2.0878595412674175 -0.2460339083439882
Stone 0.5965226152095913 0.846229893825138 0.6148170331514813 37.17219424694122 -25.203696386935917 -1.9991910197810336 -0.2460339083439882
Stone 0.581408293636652 0.8488698784419682 0.7670831210548372 38.444502117747106 -24.266733458124918 -1.9423024995765807 -0.32457372468373297
Stone 0.6609085665530372 0.7529039797706728 0.7002723897366262 49.19457776613581 -21.312569081330366 -1.5370164945880844 -0.2460339083439882
Stone 0.5986846143216398 0.8253060942907354 0.6420842305887968 37.63381856502019 -22.182251821721366 -2.049543853426801 -0.49085889883996675
Stone 0.42823866065635324 1.6076889465805129 0.9237032561024952 31.139169105176734 6.552234927547488 -2.447310064174206 -0.5350686104895175
Stone 2.1394303442353286 1.8861119636210772 1.342811256049381 75.60505886435112 -15.759624446181078 1.542007136937531 0.5497787143782142
Dust 2.1906164160192154 2.3193013273472953 4.679574668641973 3.833096497502368 2.965391154639115 -0.6314289876918591 -2.4870941840919194
Dust 1.272987961769104 0.8273999691009521 2.005941867828369 2.906625986099243 2.2112841606140137 -0.394555002450943 0.0
Dust 0.6222959756851196 0.584348201751709 0.5343327522277832 5.442907333374023 3.6971449851989746 -1.0677659511566162 0.0