Stone 0.5498596581823586 0.64402374670713 0.6148170331514813 37.506817020652754 -18.744756725864363 -2.1891891649613404 -0.2460339083439882
Stone 0.6793052389274136 0.960390096122341 0.7452157819574126 38.75591326862994 -21.952009172739963 -1.9656457153748212 -0.4974188368183843
Stone 0.46514834588425524 1.014408337845242 0.8665030820426665 30.042203881565527 -29.173389961024398 -2.287095430480012 -0.2460339083439882
Stone 0.5498596581823586 0.64402374670713 0.6148170331514813 32.20034305285115 -30.14227835020074 -2.12252249829465 -0.2460339083439882
Stone 0.6431855722368238 0.7062410227434401 0.6472392822128488 29.177305406809793 -33.74804634007364 -2.0558595412674174 -0.2460339083439882
Stone 0.5965226152095913 0.846229893825138 0.6148170331514813 37.17219424694122 -25.203696386935917 -1.9991910197810336 -0.2460339083439882
Stone 0.581408293636652 0.8488698784419682 0.7670831210548372 38.444502117747106 -24.26673345811969 -1.9423024995765807 -0.32457372468373286
Stone 0.6609085665530372 0.7529039797706728 0.7002723897366262 49.2079244937743 -21.40331157668561 -1.489027886059854 -0.2460339083439882
Stone 0.5986846143216398 0.8253060942907354 0.6420842305887968 37.63381856502019 -22.182251821721366 -2.049543853426801 -0.49085889883996675
Car 2.487196358973692 2.51716179662646 5.967953600292536 21.747186900405286 -1.0510026967969772 -1.984313674591831 -0.41015237421866757
Stone 0.42823866065635324 1.6076889465805129 0.9237032561024952 31.13916910517719 6.5522349275465785 -2.447310064174206 -0.5350686104895175
Stone 2.1394303442353286 1.8861119636210772 1.342811256049381 75.6050588643509 -15.759624446181078 1.542007136937531 0.549778714378214
Dust 1.9978238964550996 3.247384017093409 3.9297960320191057 3.5947330383968503 -0.3412872668726428 0.5577369753931536 3.115412714809878
Dust 3.27360045564179 4.731618893950374 8.42455970981063 9.134317921998534 4.511879233913003 -1.4356493174266265 -0.3480962230366471
Dust 1.8487397784424864 1.9727951407355029 3.405002742494303 17.160876194228134 0.4796816858236333 -1.9339935135435098 -0.39269908169872425
Dust 1.6166179180145264 0.741582989692688 1.8660087585449219 18.025930404663086 0.2577555179595947 -2.0412588119506836 0.0
Dust 0.0012469291687011719 0.007609009742736816 0.24190235137939453 15.848424911499023 0.6302945017814636 -2.531811475753784 0.0
Dust 3.310274124145508 5.226203918457031 7.491194248199463 8.712419509887695 3.9716062545776367 -1.6986379623413086 0.0
Dust 0.7973589897155762 2.451780080795288 3.0466561913490295 3.4951060712337494 -0.642151951789856 0.3875734806060791 0.0