Stone 0.777251873574619 1.014833661095458 0.9071701906881946 20.79487330312627 -13.574219213739442 -2.099124257122184 -0.2988262809166944
Stone 0.5665683009646424 0.7474128289925159 0.6424162451680309 20.59685690880315 -15.331816170792814 -2.349668804955896 -0.2617409917961639
Car 2.487196358973692 2.51716179662646 5.967953600292536 48.58686475772288 -4.481125503693274 4.4147668157201645 0.014205469387314554
Stone 0.7138643773217663 0.7803623649965619 0.8161133775283342 32.78002167792943 -24.58922685351056 -0.8416107381404755 0.1308996938995747
Stone 0.5227665280323128 0.6605158690179487 0.7766545300545612 19.859449460970204 -12.469096784081925 -2.1799596728255843 -0.28932663838434514
Dust 2.5838954093787248 2.9138682437959 9.448737821782947 25.166189747718022 -2.4613091271561087 0.8622710532676323 0.013422854978756471
Dust 2.125287713560528 3.0282323513522758 7.939728180470042 38.26747717463466 -4.533688032055997 2.481924767785939 -0.22932573364555886
Obstacle 1.3997738564496771 0.7825295672326695 0.6513643459262873 54.93968249359477 -1.8665660926658347 5.023549852152619 -0.2594156687403045
Stone 0.3884632525699155 0.7088970543812462 0.7326449440355011 12.14664726018751 10.419848206000424 -1.7689324188991828 0.03816587891439194
Stone 0.46325341339265463 1.0266300761700289 1.1064705864413382 15.55804097055153 13.944809794651103 -1.0478578201479243 0.06434581769430688
Stone 0.38593212204196736 0.4695167408509624 0.5026174927765991 14.036113096864312 13.564979076376138 -1.201553225062081 0.02101858910891993
Dust 2.3260339498519897 1.8711528778076172 2.852132797241211 22.466365814208984 -2.1957404613494873 0.19018298387527466 0.0
Dust 2.014194965362549 2.7919669151306152 4.830278396606445 27.397289276123047 -2.4316565990448 0.8534305095672607 0.0
Dust 0.08550786972045898 0.1482580304145813 0.22820711135864258 7.003496170043945 -0.8985450267791748 -2.468878984451294 0.0
Dust 0.7663068771362305 1.4253292083740234 1.2480430603027344 35.673377990722656 -3.109184503555298 2.425884485244751 0.0
Dust 0.7018458843231201 1.0387086868286133 1.0383148193359375 41.164390563964844 -5.146768569946289 2.7643470764160156 0.0
Dust 0.2498840093612671 0.22188901901245117 0.47452545166015625 37.872779846191406 -5.027767181396484 1.952699899673462 0.0
Dust 0.49292701482772827 0.4463958740234375 0.3139533996582031 35.241676330566406 -4.940000057220459 1.2004594802856445 0.0