Stone 0.5498596581823586 0.64402374670713 0.6148170331514813 39.552501032423756 -17.558652980405608 -2.083404237147538 -0.2460339083439882
Stone 0.6793052389274136 0.960390096122341 0.7452157819574126 41.014516888230496 -20.70622385087132 -1.8856457153748212 -0.4974188368183842
Stone 0.5498596581823586 0.64402374670713 0.6148170331514813 31.622909772878515 -32.56488271206199 -1.8425224982946498 -0.2460339083439882
Stone 0.6431855722368238 0.7062410227434401 0.6472392822128488 30.709451164807557 -33.67891632767956 -1.849614052694593 -0.2460339083439882
Stone 0.6609085665530372 0.7529039797706728 0.7002723897366262 51.22670630162692 -19.678937707413237 -1.548373961110914 -0.2460339083439882
Stone 0.5986846143216398 0.8253060942907354 0.6420842305887968 39.678835891509536 -21.217003112709428 -1.7599790419473273 -0.49085889883996675
Car 2.487196358973692 2.51716179662646 5.967953600292536 7.306969898150797 9.257739988580344 -2.2597132379821576 3.058895503698829
Stone 2.1394303442353286 1.8861119636210772 1.342811256049381 77.70497387488862 -13.379981216166069 1.561785112509924 0.5497787143782142
Stone 1.0144228367143593 1.1707461067211018 0.8924581383634693 15.076544695714437 -14.552165081755449 -2.739052536849152 -0.2879793265790643
Dust 2.4927895642883593 6.020668576231239 2.9319067086466273 4.582656257705195 -2.1384560430512587 0.20525109713062564 1.2594050072884277
Dust 1.3244529962539673 1.6128120422363281 3.8736162185668945 3.532371997833252 -2.148509979248047 0.2817915081977844 0.0
Dust 0.05344200134277344 0.5137810707092285 0.05735015869140625 6.476344108581543 -2.8756585121154785 0.6280840039253235 0.0