Obstacle 1.2658444012467998 0.8072173671726093 0.9028210395933036 63.620777662139226 4.711740713690664 2.751204039415493 -0.07688599335631836
Dust 3.9060432123790703 10.772364552357269 17.286183175253235 15.41437956662056 -0.7675229209766659 0.7154802554362893 0.18413336982101053
Dust 3.707719866011713 3.932116654893735 11.578384400458791 31.707686530663075 -0.7448991510241947 1.7862129777924307 0.18517922138164622
Obstacle 1.7171998010370122 0.7825295672326695 0.6513643459262873 31.628682344140003 4.881148799640505 -0.539917336455435 -0.2594156687403045
Dust 2.1642409846476474 2.937356457505449 7.304531579380279 69.50749022352868 6.2210583711221075 4.231355827022826 0.23561944901923523
Dust 1.2123863367219883 1.2296299689079253 2.114620058369683 58.02936736148836 5.604739154594809 2.8555316941026145 -0.02617993877991509
Dust 2.6783881187438965 4.579650819301605 2.55593204498291 15.767110824584961 -3.575264483690262 0.568988025188446 0.0
Dust 1.258013989776373 1.3316278457641602 1.304173469543457 19.343746662139893 -2.0252079367637634 -0.401292996481061 0.0
Dust 2.574208974838257 3.47986102104187 2.5590438842773438 22.39167594909668 -1.1169384717941284 0.735094428062439 0.0
Dust 2.54280686378479 6.999690890312195 4.438331127166748 9.736818552017212 -0.4468136429786682 0.8760014772415161 0.0
Dust 1.1534879207611084 2.1493077278137207 1.4337005615234375 67.95497131347656 5.932706832885742 4.007012844085693 0.0
Dust 0.19874000549316406 0.36572265625 0.4365959167480469 58.403541564941406 5.691307544708252 2.4954850673675537 0.0
Dust 2.260293960571289 2.4135689735412598 1.9735870361328125 36.02649688720703 0.23814547061920166 1.880634069442749 0.0
Dust 2.0767159461975098 1.9134631156921387 1.4695663452148438 26.90888214111328 -2.394669532775879 1.1537370681762695 0.0
Dust 0.09893900156021118 0.2674751281738281 0.19347763061523438 10.136341094970703 -4.969934463500977 0.3801575005054474 0.0