Stone 0.5498596581823586 0.64402374670713 0.6148170331514813 37.464087309480306 -18.72844152828702 -2.1758558316280108 -0.2460339083439882
Stone 0.6793052389274136 0.960390096122341 0.7452157819574126 38.75742373554249 -21.952829289359215 -1.9656457153748212 -0.4974188368183843
Stone 0.46514834588425524 1.014408337845242 0.8665030820426665 30.046306287188372 -29.16028155880076 -2.287095430480012 -0.2460339083439882
Stone 0.5498596581823586 0.64402374670713 0.6148170331514813 32.200343052852304 -30.142278350201877 -2.12252249829465 -0.2460339083439882
Stone 0.6431855722368238 0.7062410227434401 0.6472392822128488 29.181965403818708 -33.75140056086889 -2.0625262079340834 -0.2460339083439882
Stone 0.5965226152095913 0.846229893825138 0.6148170331514813 37.17219424694122 -25.203696386935917 -1.9991910197810336 -0.2460339083439882
Stone 0.581408293636652 0.8488698784419682 0.7670831210548372 38.444502117747106 -24.26673345811855 -1.9423024995765807 -0.32457372468373274
Stone 0.6609085665530372 0.7529039797706728 0.7002723897366262 49.12117995111376 -21.287155107409546 -1.5031325799308362 -0.2460339083439882
Stone 0.5986846143216398 0.8253060942907354 0.6420842305887968 37.63381856502019 -22.182251821721366 -2.049543853426801 -0.49085889883996675
Car 2.487196358973692 2.51716179662646 5.967953600292536 25.034492054333185 -8.413938570933327 -1.7838591339306078 -1.7922349756416769
Stone 0.42823866065635324 1.6076889465805129 0.9237032561024952 31.13916910517719 6.5522349275465785 -2.447310064174206 -0.5350686104895175
Stone 2.1394303442353286 1.8861119636210772 1.342811256049381 75.6050588643509 -15.759624446181078 1.542007136937531 0.549778714378214
Dust 4.75913389936729 8.291247865272034 7.276446087350855 4.898559257500561 1.0956589012633084 -0.48460003587894673 3.115412714809878
Dust 4.4182254451383915 2.9802648543756645 7.100614518898151 10.459943334850058 5.62465911635336 -0.7386515225158493 -0.6370451769779306
Dust 2.8338896559432496 2.6112881046899674 4.940656657108901 15.251868165706862 0.6962146879047092 -0.31130496548378533 -1.7016960206944711
Dust 1.6656990051269531 1.5954420566558838 1.2100706100463867 15.656558990478516 -0.719635009765625 -0.05155050754547119 0.0
Dust 1.2591819763183594 2.141763925552368 1.3023748397827148 15.067665100097656 1.8308809995651245 -0.8975969552993774 0.0
Dust 4.032044887542725 3.9373700618743896 7.232026815414429 9.142519116401672 5.145988941192627 -1.1303484439849854 0.0
Dust 0.936896026134491 0.8189049959182739 0.5489978790283203 2.506510019302368 2.1727355122566223 -0.43285301327705383 0.0
Dust 1.6358270347118378 4.074051856994629 3.480067729949951 4.170686721801758 -0.9459289908409119 0.5649345070123672 0.0