Truck 8.700537776265904 9.771738976092369 15.136278998824569 37.60632475018065 10.295577884266322 -0.045625162465192964 0.43540309661523424
Truck 10.044734623933419 10.439880383290443 17.68232272526821 82.31938594936446 35.19129420974059 0.9570425286415143 2.6609945414436944
Engineering 22.401351194129283 14.892641232793665 32.483089152702206 96.19746119238539 45.44543266639357 7.039876570575383 -0.6916166244041562
Stone 1.084773227776514 1.373932709760114 1.4483161825974498 49.9860183320302 41.4546237658692 -3.1147964886721153 -1.4398966328953213
Dust 7.990154068914683 33.72460790834525 49.62407832730769 16.99077106736786 -6.89920449662668 -0.8082379307586112 -1.18510392675041
Dust 5.925005793571472 14.96919322013855 14.121149063110352 8.689931392669678 -1.8622137308120728 -1.6054049134254456 0.0
Dust 1.3945320844650269 1.5121240615844727 0.9813766479492188 16.546768188476562 -10.987730026245117 -0.4884520173072815 0.0
Dust 1.188633918762207 1.7924690246582031 1.1007709503173828 29.766490936279297 -18.988279342651367 -1.429291009902954 0.0
Dust 0.5503349304199219 0.026309967041015625 0.435455322265625 31.23812484741211 -19.158613204956055 -0.8196204900741577 0.0
Dust 1.0092260837554932 2.162989616394043 0.9466533660888672 28.19583511352539 -16.172117233276367 -1.3319059610366821 0.0
Dust 1.1748820543289185 2.424532890319824 1.5160865783691406 28.28367805480957 -12.221418380737305 -1.3931450843811035 0.0
Dust 0.26938802003860474 0.4867982864379883 0.7616195678710938 26.793771743774414 -7.3056230545043945 -0.3476029932498932 0.0
Dust 3.436769962310791 4.138175010681152 2.6333627700805664 26.11260461807251 -2.505603313446045 -1.922523021697998 0.0
Dust 0.17820298671722412 0.33097100257873535 0.4434700012207031 21.937206268310547 0.11814049631357193 -1.7458744049072266 0.0
Dust 0.12022799998521805 0.2481759786605835 1.1968059539794922 25.837478637695312 1.7140860557556152 -0.0023780018091201782 0.0