Truck 8.700537776265904 9.771738976092369 15.136278998824569 37.52569736350815 10.269952771334168 -0.045625162465192964 0.43663028124554315
Truck 10.044734623933419 10.439880383290443 17.68232272526821 82.31938594936446 35.19129420974059 0.9570425286415143 2.6609945414436944
Engineering 22.401351194129283 14.892641232793665 32.483089152702206 96.26454666804197 45.45929464536909 7.039876570575383 -0.7050199266385446
Stone 1.084773227776514 1.373932709760114 1.4483161825974498 49.9860183320302 41.4546237658692 -3.1147964886721153 -1.4398966328953213
Dust 7.814926973934356 33.557567457524335 49.62407832730769 16.673280497072348 -7.020728851542896 -0.7206243832684476 -1.1546399979883266
Dust 5.3102468848228455 18.555562734603882 15.724096715450287 9.613193303346634 -6.377403378486633 -1.3651683628559113 0.0
Dust 0.4510389566421509 1.183786392211914 0.9375324249267578 18.597164154052734 -16.99160385131836 -1.7042784690856934 0.0
Dust 0.478875994682312 0.7451181411743164 0.6337242126464844 24.189912796020508 -8.902399063110352 -1.8088529109954834 0.0
Dust 2.253401041030884 3.1982741355895996 4.844154357910156 25.277332305908203 -4.3125152587890625 -1.5335255861282349 0.0
Dust 0.8984781503677368 1.6475849151611328 1.257120132446289 25.598613739013672 -0.6011404991149902 -1.7362260818481445 0.0
Dust 0.5149919986724854 0.32622694969177246 0.6469955444335938 26.364887237548828 3.009453296661377 -1.4565390348434448 0.0