Truck 8.700537776265904 9.771738976092369 15.136278998824569 37.87508270575563 10.380994927374104 -0.045625162465192964 0.4313124811808714
Truck 10.044734623933419 10.439880383290443 17.68232272526821 82.31938594936446 35.19129420974059 0.9570425286415143 2.6609945414436944
Engineering 22.401351194129283 14.892641232793665 32.483089152702206 94.66953836580785 45.32164256428223 7.039876570575383 -1.025074289371733
Stone 1.084773227776514 1.373932709760114 1.4483161825974498 49.9860183320302 41.4546237658692 -3.1147964886721153 -1.4398966328953213
Dust 8.149007875576181 33.557567457524335 49.62407832730769 18.379784397335534 -6.347103904955451 -0.8876648340893605 -1.1452786865458116
Dust 1.5664083145051237 5.676257044083673 18.770829459647615 35.859808095983354 19.400506174028614 -1.6788798976943375 0.5443470188968644
Dust 2.8753093148435758 11.20256515943505 5.3134890007961815 50.84678205892443 10.230556869260452 4.643027707156833 0.4636271067696007
Dust 5.243768155574799 37.769161224365234 31.48881435394287 17.273926258087158 2.3581085205078125 -1.5759280025959015 0.0
Dust 0.9255191087722778 2.1412620544433594 0.8067245483398438 36.6209602355957 17.599239349365234 -1.9993245601654053 0.0
Dust 0.36544501781463623 0.26013755798339844 0.2966728210449219 41.039886474609375 24.562122344970703 -1.9402964115142822 0.0
Dust 0.21306419372558594 0.344390869140625 0.3951072692871094 48.59307861328125 10.100641250610352 5.013258934020996 0.0
Dust 0.4991961717605591 0.4971904754638672 0.12396621704101562 36.61139678955078 -19.024139404296875 1.9100360870361328 0.0