Truck 8.700537776265904 9.771738976092369 15.136278998824569 37.955710092428035 10.40662004030628 -0.045625162465192964 0.43008529655056266
Truck 10.044734623933419 10.439880383290443 17.68232272526821 82.31938594936446 35.19129420974059 0.9570425286415143 2.6609945414436944
Engineering 22.401351194129283 14.892641232793665 32.483089152702206 93.29814831576186 45.23019707978051 7.039876570575383 -1.3898063262195495
Stone 1.084773227776514 1.373932709760114 1.4483161825974498 49.9860183320302 41.4546237658692 -3.1147964886721153 -1.4398966328953213
Dust 10.78373216077464 33.503896441919544 49.62407832730769 18.797066418901338 -6.178520829522407 0.5719406783061143 -1.1286187255040476
Dust 2.8753093148435758 13.067940517799872 3.345704197823641 29.775774412061356 19.253336365324145 -1.4512652077103136 0.4636271067696007
Dust 16.16509175480939 9.115276842562459 50.24200096660884 49.26287313956368 17.396591751850835 5.6943640989798086 -1.1802143888926189
Dust 11.211153724748124 30.76002582640892 68.60979269005837 95.70463588103678 -44.14150543900428 7.337747565910207 1.1780972450961724
Dust 3.3914879113435745 0.8683328628540039 0.8929824829101562 25.659439086914062 -23.84428644180298 -1.6402519568800926 0.0
Dust 0.24259701371192932 0.7758679389953613 0.38373470306396484 9.560041427612305 -8.054835319519043 -0.09797050058841705 0.0
Dust 0.9895490407943726 1.2341041564941406 1.2227191925048828 30.088165283203125 -22.340627670288086 -2.038590431213379 0.0
Dust 3.156717836856842 5.0718488693237305 7.78841358423233 5.545600861310959 -0.23504942655563354 -1.4872879087924957 0.0
Dust 8.331994414329529 40.966068267822266 22.931734085083008 26.84017848968506 -0.6013407707214355 0.3624182343482971 0.0
Dust 0.7853679656982422 1.7968690395355225 1.1802186965942383 8.393836975097656 -4.270157337188721 -0.6040120124816895 0.0
Dust 0.3107680082321167 0.4145832061767578 0.34232616424560547 14.991443634033203 -5.488875389099121 -1.3822789192199707 0.0
Dust 0.8368159532546997 1.4168810844421387 0.6926031112670898 14.065746307373047 -3.7680814266204834 -1.2315559387207031 0.0
Dust 1.04249906539917 0.6962010264396667 1.5272636413574219 11.623615264892578 -1.2608624696731567 -3.4267494678497314 0.0
Dust 0.10357803106307983 0.2448980063199997 0.4371213912963867 12.984504699707031 0.18157699704170227 -0.8440619707107544 0.0
Dust 2.8891658782958984 8.46439802646637 5.965238094329834 13.127284288406372 5.442145049571991 -2.2790110111236572 0.0
Dust 0.8398630023002625 0.6844005584716797 0.897735595703125 47.39792251586914 19.05138397216797 -0.9559614658355713 0.0
Dust 2.3428101539611816 2.794008255004883 2.6549072265625 46.12080001831055 21.462745666503906 0.5806730389595032 0.0
Dust 0.5565569996833801 0.3719291687011719 0.3386688232421875 45.30045700073242 24.905683517456055 -0.884224534034729 0.0
Dust 0.2032029628753662 0.6196937561035156 0.595428466796875 47.7979850769043 10.031754493713379 4.038652420043945 0.0
Dust 2.2556759119033813 0.8181891441345215 1.1086349487304688 49.588134765625 7.346122741699219 4.954073131084442 0.0
Dust 2.8017410039901733 1.2727165222167969 1.1378097534179688 50.11923789978027 5.483350515365601 5.3893356919288635 0.0
Dust 0.5485763549804688 0.6626330018043518 0.4674339294433594 52.47264099121094 0.5483354926109314 9.582427024841309 0.0
Dust 0.15480899810791016 0.6889500021934509 0.7070884704589844 53.784645080566406 -0.4831400215625763 7.879123687744141 0.0
Dust 2.287614107131958 4.308177947998047 3.9789886474609375 87.62944793701172 -44.800716400146484 8.71517550945282 0.0
Dust 0.6642665863037109 1.0226707458496094 1.0656356811523438 91.65788269042969 -54.06822967529297 11.102107048034668 0.0
Dust 1.7814388275146484 3.357524871826172 4.290550231933594 91.72721862792969 -58.46697235107422 11.407549858093262 0.0
Dust 0.26137351989746094 0.8907051086425781 0.40213775634765625 88.46121215820312 -58.732078552246094 10.470551490783691 0.0
Dust 1.2117400169372559 1.402780532836914 1.5459747314453125 34.708518981933594 -22.624279022216797 0.10946100950241089 0.0
Dust 0.9136819839477539 0.6108927726745605 1.2254829406738281 12.149027824401855 -7.544140815734863 -0.7883780002593994 0.0