Stone 0.5498596581823586 0.64402374670713 0.6148170331514813 37.48972513618378 -18.73823064683343 -2.1838558316280086 -0.2460339083439882
Stone 0.6793052389274136 0.960390096122341 0.7452157819574126 38.75651745539494 -21.952337219387687 -1.9656457153748212 -0.4974188368183843
Stone 0.46514834588425524 1.014408337845242 0.8665030820426665 30.043844843814668 -29.168146600134975 -2.287095430480012 -0.2460339083439882
Stone 0.5498596581823586 0.64402374670713 0.6148170331514813 32.20034305285162 -30.142278350201202 -2.12252249829465 -0.2460339083439882
Stone 0.6431855722368238 0.7062410227434401 0.6472392822128488 29.179169405613266 -33.74938802839175 -2.058526207934084 -0.2460339083439882
Stone 0.5965226152095913 0.846229893825138 0.6148170331514813 37.17219424694122 -25.203696386935917 -1.9991910197810336 -0.2460339083439882
Stone 0.581408293636652 0.8488698784419682 0.7670831210548372 38.444502117747106 -24.266733458119226 -1.9423024995765807 -0.32457372468373274
Stone 0.6609085665530372 0.7529039797706728 0.7002723897366262 49.20610717249588 -21.2259143755345 -1.4946697636082469 -0.2460339083439882
Stone 0.5986846143216398 0.8253060942907354 0.6420842305887968 37.63381856502019 -22.182251821721366 -2.049543853426801 -0.49085889883996675
Car 2.487196358973692 2.51716179662646 5.967953600292536 24.566898610498527 -3.388063567629455 -1.8509803412584978 -0.7919431480924272
Stone 0.42823866065635324 1.6076889465805129 0.9237032561024952 31.13916910517719 6.552234927546657 -2.447310064174206 -0.5350686104895175
Stone 2.1394303442353286 1.8861119636210772 1.342811256049381 75.6050588643509 -15.759624446181078 1.542007136937531 0.549778714378214
Dust 1.9978238964550996 3.0211182175785805 2.7984670344449625 2.9908652293543234 -1.259349845365989 0.6300756807356647 3.115412714809878
Dust 4.226317452192097 6.068464905655288 10.97553534804452 10.18065360052505 4.242068259882924 -0.9094166990864823 -0.4217879025652966
Dust 1.8487397784424864 2.6649162926373786 2.436033129831677 20.47117197017754 -1.3646159222878382 -1.873187411184862 -0.7984881327874057
Dust 1.583415150642395 1.5608620643615723 3.0050907135009766 20.515289306640625 -1.5627710819244385 -1.8935925960540771 0.0
Dust 3.869647905230522 6.939104795455933 9.759586572647095 9.489997267723083 3.830769419670105 -1.387326993048191 0.0
Dust 0.7950789928436279 1.6310620307922363 1.4388999938964844 2.9539129734039307 -1.079856038093567 0.40317851305007935 0.0