Car 2.487196358973692 2.51716179662646 5.967953600292536 96.09664672110539 18.971392812259637 1.832104389971411 1.952649520333875
Obstacle 1.2658444012467998 0.8072173671726093 0.9028210395933036 49.53996357685756 4.2299647817412005 -0.6620087874283793 -0.07688599335631777
Dust 6.610951466273551 16.59537339177904 27.526587330196435 15.219946356692027 -2.310501502548945 1.7415073944592452 0.2892760076405172
Obstacle 1.3997738564496771 0.7825295672326695 0.6513643459262873 17.562878244315666 4.5965168976647375 -2.1632481183241956 -0.2594156687403045
Dust 2.5197291305023053 3.4213698450522783 2.753001859231487 53.363729165863994 3.9592454915968416 1.0618878551287418 0.11176724384712397
Dust 1.440093185064483 1.6909117572228576 2.4899152867035266 37.80551922258916 -3.4455501442704457 1.0077824657568146 0.02617993877991494
Dust 0.09578400105237961 0.18825197219848633 0.07338297367095947 1.921189546585083 -2.0078649520874023 -0.04467399790883064 0.0
Dust 1.6869429349899292 1.8808116912841797 2.1103291511535645 5.680096626281738 -5.158443927764893 0.5355305075645447 0.0
Dust 4.69002103805542 2.850533962249756 8.344690322875977 12.414559364318848 -5.635808944702148 1.1539673805236816 0.0
Dust 0.03526800125837326 0.04613494873046875 0.07343387603759766 7.490767955780029 -5.768148422241211 -0.08757300674915314 0.0
Dust 1.2909929752349854 3.1137518882751465 1.8085594177246094 27.840147018432617 -4.502114295959473 0.3444175124168396 0.0
Dust 0.26498401165008545 0.49321579933166504 0.2981147766113281 21.178316116333008 -2.924985885620117 -0.01497500017285347 0.0
Dust 1.5495660305023193 2.7556381225585938 2.2984161376953125 53.21143341064453 4.03391695022583 0.9566580057144165 0.0
Dust 0.004414021968841553 0.24823307991027832 0.2608909606933594 38.1270751953125 -2.718916416168213 0.8455569744110107 0.0
Dust 1.5119149684906006 1.655393123626709 0.8549289703369141 19.3564453125 -5.181947708129883 0.6510704755783081 0.0
Dust 0.2893080711364746 0.3856840133666992 0.358184814453125 23.649616241455078 -5.759325981140137 1.3107579946517944 0.0
Dust 0.16716289520263672 0.23101425170898438 0.4355182647705078 24.116161346435547 -6.684618949890137 4.205081462860107 0.0
Dust 2.3762130737304688 0.9436497688293457 1.208059310913086 18.01675033569336 -7.679196357727051 1.3906595706939697 0.0