Car 2.487196358973692 2.51716179662646 5.967953600292536 81.96523753173351 18.502588161929616 -0.3754087867909068 -2.642814682996535
Stone 1.1435063224429867 0.9655456430448159 1.2184744691204688 53.11960087192891 42.80883255519187 -2.637841155426012 0.28813651018963893
Obstacle 1.2658444012467998 0.8072173671726093 0.9028210395933036 42.52552710554254 3.471941188580048 -1.7742887825397422 -0.07688599335631777
Dust 4.415604273237749 18.471854294976186 29.36114912144952 19.05505824747475 -1.5658151965076066 0.7267412443098634 0.3418473265502708
Obstacle 1.3997738564496771 0.7825295672326695 0.6513643459262873 10.530081014901892 4.282814472862624 -2.720312670265925 -0.2594156687403045
Dust 2.309337749509804 2.0195855966522407 2.753001859231487 52.578073664725714 2.3247523856696652 0.7570075507715628 0.3386600466063868
Dust 3.155632972717285 2.7001967430114746 2.617335319519043 9.650634765625 -8.099366188049316 0.3718104958534241 0.0
Dust 0.6623439788818359 1.243119716644287 1.3040037155151367 13.074615478515625 -8.339726448059082 0.05071999132633209 0.0
Dust 0.1476690024137497 0.32283687591552734 1.2074241638183594 33.948036193847656 -5.054162502288818 -0.03975450247526169 0.0
Dust 1.6818619966506958 1.2367808818817139 1.5330352783203125 52.665428161621094 2.2490406036376953 0.7989949584007263 0.0
Dust 0.141075998544693 0.13614702224731445 0.3000679016113281 23.585533142089844 -5.941070556640625 -0.28385400772094727 0.0