Truck 5.170358308802778 3.9468080005671515 9.952874880990938 20.60897599702104 0.14642772072199034 3.2068378583979555 -0.13799989917591193
Obstacle 5.314533920822083 1.4017716085867111 2.017368362498952 72.8627398591998 23.8419411256628 16.003839025250578 -0.17016960206944723
Pedestrian 2.965357404022265 1.1018135225689576 1.4340986878755304 68.20959521478171 10.766621473470703 14.810996295908751 -1.6576246507748547
Obstacle 2.4576428473658845 0.8334049634054836 1.0303050726130756 19.975194911434237 2.699582209649899 2.6213858140334376 -0.03543769786690257
Obstacle 2.9602631079061315 3.9627592907120976 3.2773513145299717 69.88688399489628 58.305700339647274 4.777104598498266 -0.39136679552256837
Obstacle 4.016839041042813 4.120422410820576 3.3547116289080825 70.98538881987844 63.68407540378173 5.147863881245436 -0.32724923474893686
Obstacle 5.189645691844032 4.020640643683279 9.157676642389823 75.51477244277459 69.8861733388484 5.588730526419912 -0.43633231299858255
Obstacle 1.4200723733176503 2.7927002268681758 0.9332344570546346 53.74043580684101 50.011113176012834 2.642444631136657 0.23429480808610997
Dust 0.8275990359578408 4.122919308580912 1.4325756898677884 2.491052613465052 1.0765125872382035 0.3518354014971497 -0.14704348031518516
Dust 0.1379529982805252 1.015254020690918 0.675419807434082 2.3546040058135986 1.7199029922485352 0.27834850549697876 0.0
Dust 0.17733797430992126 0.13283202052116394 0.4394869804382324 2.5749435424804688 -0.3757910132408142 0.49120497703552246 0.0