Stone 0.6600656148654738 0.8282118690548653 0.666078745014086 27.780662966217083 21.16651478933643 -2.409967192567264 -0.11378712431442195
Stone 0.6 0.6 0.6 20.628120691637164 21.634084015986964 -2.785000000000002 -0.11378712431442566
Stone 0.44609637991851725 0.6 0.6 22.911305406348376 10.561881773585888 -2.643757144897664 -0.1137871243144256
Car 1.977082073688507 2.3041729032160077 5.2576929525810385 18.24823696667392 2.6406142283667524 -2.0087355727110134 2.9025732191149376
Dust 2.0305016252118424 2.55239000444525 9.496499700314265 25.1720664729402 0.5749739968782825 -1.4855077033144795 2.819124771642376
Dust 0.8480936576580179 1.181461757402623 1.8603854927929677 20.23439875922973 4.414000081773652 -1.9307278037893358 2.9001317188584217
Dust 1.7684831318816212 2.3319364766668342 5.849918757749144 31.296578458075082 -3.174655213253793 -1.5259325854758752 2.2771683139827905
Dust 1.284029698986151 3.0722392197388686 2.6931729253844012 33.778211503044986 -6.604848489757598 -1.6493328026028165 2.1637219126031586
Dust 1.729806900024414 9.273136138916016 10.308536529541016 29.844560623168945 -3.0329837799072266 -1.67655348777771 0.0
Dust 2.288709878921509 1.3066468238830566 2.9936084747314453 22.154617309570312 1.564157485961914 -1.6510089635849 0.0
Dust 0.19459402561187744 0.15490293502807617 0.09037208557128906 21.05028533935547 4.30805778503418 -1.843977928161621 0.0
Dust 0.1363670825958252 0.07088708877563477 0.27742767333984375 19.662200927734375 4.290521621704102 -2.054185390472412 0.0