Truck 8.700537776265904 9.771738976092369 15.136278998824569 38.063213274657755 10.440786857549483 -0.045625162465192964 0.42844905037681746
Truck 10.044734623933419 10.439880383290443 17.68232272526821 82.31938594936446 35.19129420974059 0.9570425286415143 2.6609945414436944
Engineering 22.401351194129283 14.892641232793665 32.483089152702206 91.47981812852186 45.108875888248804 7.039876570575383 -1.873161526346725
Stone 1.084773227776514 1.373932709760114 1.4483161825974498 49.9860183320302 41.4546237658692 -3.1147964886721153 -1.4398966328953213
Dust 9.671930684972335 33.66984437775801 49.62407832730769 19.246976667017993 -6.006432684516052 0.33727082387687735 -1.106405444115029
Dust 2.8753093148435758 13.067940517799872 3.345704197823641 29.852668539951125 19.708456190229516 -1.86177642816476 0.4636271067696007
Dust 5.320407594023674 4.170255413886484 25.03385965723272 47.09455968950375 31.99662625230972 -0.21909252855369543 -1.4922565104551522
Dust 11.211153724748124 30.76002582640892 68.60979269005837 96.79477892836076 -28.802028695474522 7.337747565910207 1.1780972450961724
Dust 8.663456916809082 43.94450092315674 19.00492238998413 24.89882779121399 3.051008701324463 0.3249683380126953 0.0
Dust 0.27621597051620483 1.2566810250282288 1.0650871992111206 2.526459515094757 -0.6129535138607025 -0.16973400115966797 0.0
Dust 0.3850419819355011 0.9036669731140137 1.0129709243774414 2.566385507583618 1.2806144952774048 -0.19813700020313263 0.0
Dust 2.246333122253418 7.710720062255859 1.6630935668945312 46.82646942138672 31.229177474975586 -1.0369224548339844 0.0
Dust 1.5722498893737793 1.8446846008300781 1.1225357055664062 46.91579818725586 39.297943115234375 -1.2169029712677002 0.0
Dust 0.5432389974594116 0.4005165100097656 0.53997802734375 49.34758758544922 23.389341354370117 0.8733804821968079 0.0
Dust 0.5601367950439453 0.6870298385620117 0.5620269775390625 98.75382232666016 -12.543388366699219 8.51190185546875 0.0
Dust 8.530726432800293 24.250768661499023 18.107757568359375 89.22336196899414 -30.509502410888672 6.792150020599365 0.0
Dust 0.45319175720214844 1.908660888671875 1.03424072265625 99.63030242919922 -45.106258392333984 11.454014778137207 0.0
Dust 0.18021902441978455 0.327380895614624 0.4861001968383789 3.5222229957580566 -3.5026955604553223 -0.522444486618042 0.0