Stone 0.5498596581823586 0.64402374670713 0.6148170331514813 37.35299077026639 -18.686022696282503 -2.1411896532426002 -0.2460339083439882
Stone 0.6793052389274136 0.960390096122341 0.7452157819574126 38.76135094951496 -21.954961592568985 -1.9656457153748212 -0.4974188368183843
Stone 0.46514834588425524 1.014408337845242 0.8665030820426665 30.05697254180768 -29.12619971301915 -2.287095430480012 -0.2460339083439882
Stone 0.5498596581823586 0.64402374670713 0.6148170331514813 32.20034305285526 -30.1422783502054 -2.12252249829465 -0.2460339083439882
Stone 0.6431855722368238 0.7062410227434401 0.6472392822128488 29.194081396041838 -33.760121534937 -2.079859541267415 -0.2460339083439882
Stone 0.5965226152095913 0.846229893825138 0.6148170331514813 37.17219424694122 -25.203696386935917 -1.9991910197810336 -0.2460339083439882
Stone 0.581408293636652 0.8488698784419682 0.7670831210548372 38.444502117747106 -24.266733458115027 -1.9423024995765807 -0.32457372468373274
Stone 0.6609085665530372 0.7529039797706728 0.7002723897366262 49.16016962938238 -21.212496173253264 -1.5398041736577983 -0.2460339083439882
Stone 0.5986846143216398 0.8253060942907354 0.6420842305887968 37.63381856502019 -22.182251821721366 -2.049543853426801 -0.49085889883996675
Car 2.487196358973692 2.51716179662646 5.967953600292536 2.2665326519299405 3.3756136906861753 -2.2794716310054803 2.641664905971667
Stone 0.42823866065635324 1.6076889465805129 0.9237032561024952 31.139169105177363 6.552234927546657 -2.447310064174206 -0.5350686104895175
Stone 2.1394303442353286 1.8861119636210772 1.342811256049381 75.60505886435082 -15.759624446181078 1.542007136937531 0.5497787143782142
Dust 5.855127827652503 7.30681526265923 9.010587282342174 20.78864482476695 1.2762565834462418 1.930816393754119 -0.4104252468911221
Dust 5.131090530759913 7.2290664863559435 7.938757605123342 9.39638864379765 1.9372039486727897 -0.3628671876401669 2.635447170511438
Dust 2.2266524535298116 2.262148211852576 1.4344709199210801 3.746492090475342 1.4418755213400074 0.5222407767448708 2.6703537555513246
Dust 5.1198248863220215 5.310236811637878 4.895263433456421 6.775976300239563 0.9662794470787048 -0.6682463884353638 0.0
Dust 4.818454265594482 6.540712833404541 5.018190383911133 18.88158893585205 1.477290391921997 1.6238930225372314 0.0
Dust 2.2551980018615723 1.874832034111023 3.357816696166992 12.036346435546875 2.9070839881896973 0.2809929847717285 0.0
Dust 0.061848998069763184 0.0965309739112854 0.29054713249206543 3.4466843605041504 0.9132704734802246 0.7214415073394775 0.0
Dust 0.8388699293136597 0.8474130034446716 0.9246845245361328 23.761959075927734 -0.18170049786567688 0.6890019774436951 0.0