Stone 0.5498596581823586 0.64402374670713 0.6148170331514813 38.17347685371817 -18.14881126448474 -2.08027473391921 -0.2460339083439882
Stone 0.6793052389274136 0.960390096122341 0.7452157819574126 39.38491275523608 -21.599413188545892 -1.8356457153748211 -0.4974188368183842
Stone 0.46514834588425524 1.014408337845242 0.8665030820426665 30.681533429532607 -28.941415484239343 -2.1970954304800117 -0.2460339083439882
Stone 0.5498596581823586 0.64402374670713 0.6148170331514813 32.93043774271854 -31.733151832649398 -2.0462432301004987 -0.2460339083439882
Stone 0.6431855722368238 0.7062410227434401 0.6472392822128488 29.862662366607193 -33.29965355638884 -1.9358595412674173 -0.2460339083439882
Stone 0.5965226152095913 0.846229893825138 0.6148170331514813 37.93598942393789 -24.746514735602467 -1.7991910197810335 -0.2460339083439882
Stone 0.581408293636652 0.8488698784419682 0.7670831210548372 39.266053230717716 -23.974600787921418 -1.8370222959494567 -0.32457372468373297
Stone 0.6609085665530372 0.7529039797706728 0.7002723897366262 49.744728505776976 -20.737986594841328 -1.5092329796392192 -0.2460339083439882
Stone 0.5986846143216398 0.8253060942907354 0.6420842305887968 38.14027885312997 -21.844745830687735 -1.8758049665391168 -0.49085889883996675
Stone 0.42823866065635324 1.6076889465805129 0.9237032561024952 31.60284289513051 6.783231147098642 -2.447310064174206 -0.5350686104895175
Stone 2.1394303442353286 1.8861119636210772 1.342811256049381 76.1991723159772 -15.125800884558885 1.627349248471314 0.5497787143782142
Stone 1.0144228367143593 1.1707461067211018 0.8924581383634693 13.650211890793475 -14.869305266717628 -2.762097187528031 -0.2879793265790643
Dust 2.253041033967526 6.020668576231239 2.2126611176841284 3.916378116902832 -2.536076598428301 -0.6137924277985655 1.2594050072884277
Dust 1.2832589745521545 1.9795499444007874 3.4233232736587524 3.2943156361579895 -2.402434915304184 -0.633867472410202 0.0