Car 2.143049848789439 2.329266415373974 5.2928403023645965 5.470665109190163 -6.697223847602425 -2.106186449893386 -2.77621412290621
Dust 5.891574058909542 7.483588091749473 15.078863265748446 12.75258678105456 -2.364577184429436 2.093266764305154 0.44706393683109535
Stone 0.7101668214590704 0.8641604846030516 1.1396120830234249 16.227506734395675 -18.764200253231586 -2.4159529755616993 0.09578115427671643
Stone 0.6551733078872891 0.9099583870279258 0.9389307968138385 16.408972525358106 -10.339075588880908 -2.52344973234759 0.21795420191631953
Stone 0.7236609209174798 1.2117473155737835 1.7682425700597184 39.88364745569151 -16.591548221760167 -1.6243617379865376 0.27161686484161807
Stone 0.6297130958676966 1.209367165260782 1.2251766278384661 30.466418281318322 10.907903477741657 -2.348238538597516 -0.4536556460446876
Stone 0.9844329348104315 1.0914279434994991 1.2546614332787869 23.40726480411149 24.8414777133994 -2.3996485221570683 -1.0210752311172482
Stone 0.69784731996505 0.7880402766728498 0.8415850629919825 38.90946094029421 -13.16597661025002 -1.7613587806199442 0.34372975900181724
Dust 0.5177640318870544 0.5541691780090332 1.0011210441589355 3.862469434738159 -3.379112482070923 -1.0456809997558594 0.0
Dust 2.796800136566162 3.573578953742981 3.2024402618408203 15.550080299377441 -0.8159435391426086 2.5797009468078613 0.0
Dust 2.834140069782734 5.083068251609802 5.622864246368408 10.509305715560913 -3.6053159832954407 1.3440090380609035 0.0
Dust 0.015689998865127563 0.05911898612976074 0.05418825149536133 4.814327239990234 -2.4557852745056152 0.4335870146751404 0.0