Dust 6.077952431091767 6.3034199265885515 19.44999697753107 10.42055055152297 -2.852040446638482 1.6417002906354556 0.08726646259971688
Stone 0.6551733078872891 0.9099583870279258 0.9389307968138385 14.07536835549816 -9.925057848846784 -2.66344973234759 0.21795420191631953
Stone 0.6411092395517344 1.2117473155737835 1.7633865888029097 37.84722968610937 -15.548493883237766 -1.7621811288328153 0.23561944901923493
Stone 0.6297130958676966 1.209367165260782 1.2251766278384661 27.58539541199244 11.831152233052508 -2.4624533466279193 -0.33215084290238694
Stone 0.69784731996505 0.7880402766728498 0.8415850629919825 36.679313066828456 -12.088375855270732 -1.9324806016373421 0.34372975900181724
Dust 0.7719500064849854 1.3122050166130066 1.6700477600097656 2.63992702960968 -2.024919420480728 -0.3797680139541626 0.0
Dust 3.0170340538024902 5.014673233032227 7.294225692749023 14.404948234558105 -2.091383457183838 2.0896799564361572 0.0
Dust 0.33270907402038574 0.11807999014854431 0.244720458984375 18.918743133544922 0.2616890072822571 2.342177391052246 0.0
Dust 0.162401020526886 0.09698399901390076 0.37841033935546875 7.812867164611816 -0.3183389902114868 1.0117415189743042 0.0
Dust 1.041638970375061 1.2140476703643799 1.2392396926879883 8.210302352905273 -3.829019069671631 1.2788965702056885 0.0
Dust 0.038441002368927 0.04181098937988281 0.14269399642944336 4.57822322845459 -3.0356454849243164 0.9413305521011353 0.0