Stone 0.6600656148654738 0.8282118690548653 0.666078745014086 28.090361679394157 21.087506798525133 -2.4116338592339304 -0.11378712431442195
Stone 0.6 0.6 0.6 20.93938053206657 21.583415369509623 -2.7875000000000014 -0.11378712431442566
Stone 0.44609637991851725 0.6 0.6 23.20256145831795 10.526080536213671 -2.643757144897664 -0.11378712431442561
Car 1.977082073688507 2.3041729032160077 5.2576929525810385 15.346540699606813 2.9286771296800524 -2.116469595662732 3.0953736379523904
Dust 2.2491511615492765 2.325210302811895 5.546957417207493 20.82530678856811 2.731233005365183 -1.52676506064278 3.0364182635156696
Dust 1.018991277003518 1.1106942380240123 3.201529685431291 15.798220611017664 4.821553175427105 -2.3610916029335223 3.1228415546351984
Dust 2.1855920255184174 1.2944571165688932 4.597813272578162 27.041964807286107 1.492341443132824 -1.2608058932423587 2.7015537857017016
Dust 1.5994280576705933 2.0867804809348693 8.974605689028625 32.36537120839408 -2.8745818542576096 -1.394330036640167 2.3038346126325147
Dust 0.40336287021636963 1.619490146636963 2.4265480041503906 34.353111267089844 -5.589380264282227 -1.987302541732788 0.0
Dust 1.5302890539169312 4.341716289520264 4.396341323852539 30.56371307373047 -1.066478967666626 -1.6597604751586914 0.0
Dust 2.18559193611145 1.508004069328308 1.9473209381103516 26.087871551513672 1.970587968826294 -1.5012210607528687 0.0
Dust 2.2483999729156494 1.9715360403060913 5.506172180175781 20.767580032348633 2.6992390155792236 -1.587009072303772 0.0
Dust 1.042328119277954 0.8023567199707031 2.8422670364379883 15.813112258911133 4.698402404785156 -2.5327601432800293 0.0