Dust 1.2171846658633565 2.0135708249104765 1.3431446805510974 37.68913057898591 2.3148052393574003 -1.8757692348635997 -0.02617993877991509
Dust 9.543244003605073 12.595748661509752 16.927577750737004 49.85164032527669 8.34148428333656 2.7660265385604528 0.09599310885968812
Dust 11.970339553044967 19.132087078129512 36.1418498103307 25.779187852836458 -6.202630277709204 2.123498498483846 0.23561944901923432
Dust 7.1318888664245605 12.083264350891113 14.163629531860352 16.147388458251953 -6.523247241973877 -0.0412445068359375 0.0
Dust 9.482575416564941 15.165982246398926 14.971467971801758 33.85691833496094 -2.7825589179992676 1.7769185304641724 0.0
Dust 0.6002480387687683 0.4383730888366699 0.6112499237060547 24.85928726196289 -6.623685836791992 -0.9760019779205322 0.0
Dust 0.7738189697265625 0.5287249088287354 1.0252952575683594 44.44824981689453 2.7741103172302246 -0.29587650299072266 0.0
Dust 0.7921110391616821 3.3353018760681152 1.9252586364746094 43.361595153808594 5.465680122375488 -1.4938254356384277 0.0
Dust 8.011346071958542 10.767232894897461 9.135194778442383 52.13129711151123 9.8253812789917 2.6292880922555923 0.0
Dust 2.3139069080352783 4.573087215423584 3.3459625244140625 44.49782943725586 10.060781478881836 -1.1004034280776978 0.0
Dust 1.3912312984466553 1.1285150051116943 0.9307327270507812 46.26694869995117 3.463688373565674 3.336792469024658 0.0
Dust 0.6987161636352539 0.8414578437805176 0.8790168762207031 43.46680450439453 -7.124575614929199 6.450326919555664 0.0
Dust 1.0451719760894775 1.0032920837402344 1.16876220703125 33.63795852661133 -11.529702186584473 2.664505958557129 0.0