Stone 0.5498596581823586 0.64402374670713 0.6148170331514813 37.50590156592534 -18.57801242478081 -2.0878558316279863 -0.2460339083439882
Stone 0.6793052389274136 0.960390096122341 0.7452157819574126 38.744433720092275 -21.94577628643276 -1.9656457153748212 -0.4974188368183843
Stone 0.46514834588425524 1.014408337845242 0.8665030820426665 30.085885209148728 -29.1227206419519 -2.287095430480012 -0.2460339083439882
Stone 0.5498596581823586 0.64402374670713 0.6148170331514813 32.20034305284571 -30.142278350195284 -2.12252249829465 -0.2460339083439882
Stone 0.6431855722368238 0.7062410227434401 0.6472392822128488 29.17734503547763 -33.767102763037656 -2.0958595412674175 -0.2460339083439882
Stone 0.5965226152095913 0.846229893825138 0.6148170331514813 37.17219424694122 -25.203696386935917 -1.9991910197810336 -0.2460339083439882
Stone 0.581408293636652 0.8488698784419682 0.7670831210548372 38.444502117747106 -24.266733458125145 -1.9423024995765807 -0.3245737246837331
Stone 0.6609085665530372 0.7529039797706728 0.7002723897366262 49.21367537673942 -21.219821533520076 -1.528597247633882 -0.2460339083439882
Stone 0.5986846143216398 0.8253060942907354 0.6420842305887968 37.63381856502019 -22.182251821721366 -2.049543853426801 -0.49085889883996675
Car 2.487196358973692 2.51716179662646 5.967953600292536 37.9791493490796 -6.000943478868017 -1.4407220435420678 -1.241001262328342
Stone 0.42823866065635324 1.6076889465805129 0.9237032561024952 31.139169105175824 6.5522349275480565 -2.447310064174206 -0.5350686104895175
Stone 2.1394303442353286 1.8861119636210772 1.342811256049381 75.60505886435112 -15.759624446181078 1.542007136937531 0.5497787143782142
Dust 5.804362898821289 23.157036345012752 20.268472274978556 18.064233812880417 0.5594351374782481 1.2427626525029445 2.515000228287062
Dust 1.2287869453430176 1.2140840291976929 2.4778261184692383 6.270480155944824 -1.7152761220932007 -0.3475485146045685 0.0
Dust 0.7491220235824585 1.7194180488586426 1.8817386627197266 28.852359771728516 1.973891019821167 -0.31091201305389404 0.0
Dust 1.1395189762115479 0.7397891283035278 1.5366840362548828 26.092632293701172 2.1518216133117676 -1.324188470840454 0.0
Dust 0.305307000875473 0.32795286178588867 0.5001678466796875 28.294645309448242 4.8927412033081055 -0.0017074942588806152 0.0
Dust 3.1283209323883057 3.962108016014099 2.3561630249023438 12.680524826049805 -4.4653409123420715 1.6086164712905884 0.0
Dust 0.20527303218841553 0.5239973068237305 0.39072227478027344 18.163673400878906 -5.929481506347656 1.7147424221038818 0.0