Car 2.487196358973692 2.51716179662646 5.967953600292536 98.24160333901833 17.26465807031943 3.9516473474772287 1.728870413698382
Obstacle 1.2658444012467998 0.8072173671726093 0.9028210395933036 51.17244798551404 4.498555037644564 0.10023216242404925 -0.07688599335631781
Dust 5.0858850079736975 11.842061683499253 15.162959723707012 12.905018937712462 -2.2462276170263022 1.419375757377106 0.27613317791307873
Dust 3.0069337450609805 6.780977009012872 8.662998400963872 26.402510198383254 -3.149467697789593 0.8629052780532394 0.24084055629444268
Obstacle 1.3997738564496771 0.7825295672326695 0.6513643459262873 19.25423622877652 4.71790074156143 -1.8050414255136757 -0.2594156687403045
Dust 1.5138769331093118 2.8441537232522647 1.8268418785344152 53.59684483464858 5.042818989930458 1.5982261222030905 -0.0016791575325074736
Dust 4.003553867340088 2.717258930206299 7.636014938354492 13.443694114685059 -4.8863983154296875 1.376886010169983 0.0
Dust 1.2552070617675781 2.1719889640808105 1.7316513061523438 53.59101486206055 4.999150276184082 1.4714205265045166 0.0
Dust 1.18648099899292 2.8817670345306396 1.7409820556640625 29.051698684692383 -3.699308395385742 0.7996875047683716 0.0
Dust 0.1031859964132309 0.25107908248901367 0.22015380859375 22.510061264038086 -1.972794532775879 0.1538510024547577 0.0
Dust 1.4730249643325806 1.129316806793213 1.6385784149169922 25.729732513427734 -5.166773796081543 1.2121694087982178 0.0
Dust 1.453935980796814 1.6412487030029297 0.9364738464355469 20.990802764892578 -4.497633457183838 0.7221600413322449 0.0
Dust 0.38614892959594727 0.2070789337158203 0.44066810607910156 18.15740966796875 -5.322032451629639 2.9588465690612793 0.0
Dust 0.27027595043182373 0.17450618743896484 0.10496139526367188 18.799034118652344 -6.434587001800537 1.8479480743408203 0.0
Dust 1.4526069164276123 1.3200349807739258 1.4568448066711426 6.743809700012207 -4.8334174156188965 0.7670555114746094 0.0