Stone 0.5498596581823586 0.64402374670713 0.6148170331514813 37.52821871139986 -18.631818279646723 -2.1171891649613244 -0.2460339083439882
Stone 0.6793052389274136 0.960390096122341 0.7452157819574126 38.74775674730108 -21.94758054299473 -1.9656457153748212 -0.4974188368183843
Stone 0.46514834588425524 1.014408337845242 0.8665030820426665 30.117126511484457 -29.18606918923524 -2.287095430480012 -0.2460339083439882
Stone 0.5498596581823586 0.64402374670713 0.6148170331514813 32.200343052846165 -30.14227835019574 -2.12252249829465 -0.2460339083439882
Stone 0.6431855722368238 0.7062410227434401 0.6472392822128488 29.15214142296236 -33.72993354777918 -2.0838595412674175 -0.2460339083439882
Stone 0.5965226152095913 0.846229893825138 0.6148170331514813 37.17219424694122 -25.203696386935917 -1.9991910197810336 -0.2460339083439882
Stone 0.581408293636652 0.8488698784419682 0.7670831210548372 38.444502117747106 -24.26673345812469 -1.9423024995765807 -0.32457372468373297
Stone 0.6609085665530372 0.7529039797706728 0.7002723897366262 49.19009675864436 -21.314564905645966 -1.5378584192835048 -0.2460339083439882
Stone 0.5986846143216398 0.8253060942907354 0.6420842305887968 37.63381856502019 -22.182251821721366 -2.049543853426801 -0.49085889883996675
Stone 0.42823866065635324 1.6076889465805129 0.9237032561024952 31.139169105176734 6.552234927547943 -2.447310064174206 -0.5350686104895175
Stone 2.1394303442353286 1.8861119636210772 1.342811256049381 75.60505886435112 -15.759624446181078 1.542007136937531 0.5497787143782142
Dust 3.38496732595826 4.395107910462128 10.542650953451737 6.454558850122013 1.0777064347727792 0.18492926171735646 3.115412714809878
Dust 2.3379249274730682 2.08382385969162 2.6094549894332886 2.9320083260536194 2.0520659387111664 -0.26820848882198334 0.0
Dust 0.09351098537445068 0.1196170449256897 0.7840166091918945 9.06009292602539 -0.6920565366744995 1.0884315967559814 0.0