Car 2.487196358973692 2.51716179662646 5.967953600292536 85.96001959256323 19.045309352436437 -0.3918536394237617 -3.095920721627624
Stone 1.1435063224429867 0.9655456430448159 1.2184744691204688 54.48305617790796 43.154248538757024 -1.891023470249292 0.28813651018963893
Obstacle 1.2658444012467998 0.8072173671726093 0.9028210395933036 44.29516192177163 3.7308741552405524 -1.985937130901632 -0.07688599335631775
Dust 4.192193615145248 19.894471463917213 31.856175315954836 20.14648884154381 -1.3948188145449674 1.0876526153050106 0.3287044968228324
Obstacle 1.3997738564496771 0.7825295672326695 0.6513643459262873 12.248086351416323 4.2548662019157035 -2.600147286873432 -0.2594156687403045
Dust 2.1241431800271116 1.9269883119108941 2.753001859231487 52.060774726998204 2.878517905359371 0.5665061655371618 0.2819368459165711
Dust 3.0847930908203125 2.7714033126831055 4.583955764770508 9.672285079956055 -7.580957889556885 0.35141247510910034 0.0
Dust 0.33280402421951294 0.4024806022644043 0.3973255157470703 24.825721740722656 -5.180310249328613 -0.2338789999485016 0.0
Dust 0.8954089879989624 1.046839952468872 2.2165260314941406 52.13694763183594 2.8078360557556152 0.338315486907959 0.0
Dust 0.2889620065689087 1.027407169342041 0.6234359741210938 23.618593215942383 -7.302789688110352 0.12440600991249084 0.0
Dust 0.9079879522323608 0.7548727989196777 1.0347537994384766 14.755084037780762 -7.592611312866211 0.4536370038986206 0.0
Dust 1.4670050144195557 0.6486120223999023 1.8084402084350586 14.815694808959961 -10.300464630126953 0.6489804983139038 0.0