Stone 0.5498596581823586 0.64402374670713 0.6148170331514813 37.49046712147947 -18.552226713143682 -2.0745224982946517 -0.2460339083439882
Stone 0.6793052389274136 0.960390096122341 0.7452157819574126 38.74292325317924 -21.94495616981385 -1.9656457153748212 -0.4974188368183843
Stone 0.46514834588425524 1.014408337845242 0.8665030820426665 30.05272973162903 -29.087291234033728 -2.287095430480012 -0.2460339083439882
Stone 0.5498596581823586 0.64402374670713 0.6148170331514813 32.200343052845255 -30.14227835019483 -2.12252249829465 -0.2460339083439882
Stone 0.6431855722368238 0.7062410227434401 0.6472392822128488 29.165662019066644 -33.74283685857881 -2.0958595412674175 -0.2460339083439882
Stone 0.5965226152095913 0.846229893825138 0.6148170331514813 37.17219424694122 -25.203696386935917 -1.9991910197810336 -0.2460339083439882
Stone 0.581408293636652 0.8488698784419682 0.7670831210548372 38.444502117747106 -24.2667334581256 -1.9423024995765807 -0.3245737246837331
Stone 0.6609085665530372 0.7529039797706728 0.7002723897366262 49.206962308213974 -21.216307276470616 -1.524387624156781 -0.2460339083439882
Stone 0.5986846143216398 0.8253060942907354 0.6420842305887968 37.63381856502019 -22.182251821721366 -2.049543853426801 -0.49085889883996675
Car 2.487196358973692 2.51716179662646 5.967953600292536 27.421662650706843 1.3887600513027236 -1.7471960945062257 -0.1868146238356338
Stone 0.42823866065635324 1.6076889465805129 0.9237032561024952 31.139169105175824 6.552234927547943 -2.447310064174206 -0.5350686104895175
Stone 2.1394303442353286 1.8861119636210772 1.342811256049381 75.60505886435112 -15.759624446181078 1.542007136937531 0.5497787143782142
Dust 5.171554057390384 12.66857567330928 6.259749408117239 10.819837414323825 -3.5776427065051477 -0.21412981403775025 1.2594660125316208
Dust 2.556674193383624 3.9031737850528443 6.6666199131848485 20.374260353370648 1.922562801144268 -1.408876255034719 -0.16580627893946093
Dust 2.7481279969215393 0.6831932067871094 1.8342866897583008 12.3280668258667 -6.736637592315674 -1.1924090087413788 0.0
Dust 3.2535228729248047 2.9670820236206055 5.431679964065552 8.617301106452942 -3.9823559522628784 -1.2802934646606445 0.0
Dust 0.011245965957641602 0.10578501224517822 0.22548389434814453 13.85855484008789 -1.547372579574585 -2.579127788543701 0.0
Dust 2.467294991016388 3.4084038734436035 5.512908935546875 19.96572494506836 2.0676989555358887 -1.6062684953212738 0.0
Dust 0.14100193977355957 0.160722017288208 0.17592811584472656 23.609905242919922 1.8334749937057495 -2.4083919525146484 0.0
Dust 0.4331609010696411 0.8656809329986572 1.2957420349121094 15.137748718261719 -4.003310680389404 1.360670566558838 0.0