Stone 0.5498596581823586 0.64402374670713 0.6148170331514813 37.448687347233204 -18.57421295676042 -2.10252249829465 -0.2460339083439882
Stone 0.6793052389274136 0.960390096122341 0.7452157819574126 38.68739299687195 -21.914805700649595 -1.9656457153748212 -0.4974188368183842
Stone 0.46514834588425524 1.014408337845242 0.8665030820426665 30.006312063100722 -29.03769006294897 -2.287095430480012 -0.2460339083439882
Stone 0.5498596581823586 0.64402374670713 0.6148170331514813 32.200343052845255 -30.142278350195284 -2.12252249829465 -0.2460339083439882
Stone 0.6431855722368238 0.7062410227434401 0.6472392822128488 29.14930579609154 -33.708864592335885 -2.0958595412674175 -0.2460339083439882
Stone 0.5965226152095913 0.846229893825138 0.6148170331514813 37.17219424694122 -25.203696386935917 -1.9991910197810336 -0.2460339083439882
Stone 0.581408293636652 0.8488698784419682 0.7670831210548372 38.444502117747106 -24.266733458125145 -1.9423024995765807 -0.3245737246837331
Stone 0.6609085665530372 0.7529039797706728 0.7002723897366262 49.19443253648933 -21.223857279785534 -1.5184941512888404 -0.2460339083439882
Stone 0.5986846143216398 0.8253060942907354 0.6420842305887968 37.63381856502019 -22.182251821721366 -2.049543853426801 -0.49085889883996675
Stone 0.42823866065635324 1.6076889465805129 0.9237032561024952 31.139169105175824 6.552234927547943 -2.447310064174206 -0.5350686104895175
Stone 2.1394303442353286 1.8861119636210772 1.342811256049381 75.60505886435112 -15.759624446181078 1.542007136937531 0.5497787143782142
Dust 2.381192002933045 5.134018279694821 4.640594576717904 3.6266491217640366 -1.0921331441152617 0.09109357796481377 1.2594050072884277
Dust 1.7959980964660645 3.618485927581787 2.67631196975708 3.6410200595855713 -0.9870889186859131 -0.03641900420188904 0.0