Stone 0.6600656148654738 0.8282118690548653 0.666078745014086 28.52041922384751 21.122235230885508 -2.389967192567264 -0.11378712431442195
Stone 0.6 0.6 0.6 21.315929453115814 21.575610879991473 -2.740000000000001 -0.11378712431442554
Stone 0.44609637991851725 0.6 0.6 23.597712502591094 10.518666453933292 -2.643757144897664 -0.11378712431442554
Car 1.977082073688507 2.3041729032160077 5.2576929525810385 -0.7477308697175431 -5.230159916960929 -2.4111372431751814 -2.50349805787409
Dust 1.9435026765897359 1.7711277629120339 2.21519608201986 25.734500314136003 11.282327547764336 -0.7410824554182325 -2.9468642033626953
Dust 3.885503053665161 4.871351619025164 2.950545308864399 13.181739069949074 6.6735900936465375 -0.8525132155418402 -2.9468642033626953
Dust 5.675679922103882 6.579697415007322 9.23727528654771 6.125438787997121 2.211812235591613 0.06507049602620746 -2.9468642033626953
Dust 0.3536440134048462 0.8675490021705627 1.3288869857788086 2.828148603439331 0.4262374937534332 -0.9807810187339783 0.0
Dust 5.038432836532593 3.5189170837402344 5.7096991539001465 7.57863974571228 3.5305694341659546 -0.16050350666046143 0.0
Dust 1.1797199249267578 0.46801090240478516 1.6304969787597656 25.86958885192871 10.877769470214844 -0.6601510047912598 0.0
Dust 1.2157130241394043 1.7754549980163574 0.4934844970703125 12.368093490600586 5.533306121826172 0.05497649312019348 0.0
Dust 0.04807901382446289 0.5183124542236328 1.3300485610961914 13.09330940246582 8.432052612304688 -2.6700963973999023 0.0