Car 2.335327930212469 2.1816045440668606 5.055309684682115 7.470119969178874 -6.133682616078769 -2.301288304569269 -2.7197130463494137
Dust 6.831921815872192 12.86616914423584 17.90838679908244 12.737765013669485 -2.44801084790939 2.955018812395335 0.35527008835644347
Dust 2.6500467442666977 5.242284915824618 4.270259153369998 4.011217936126414 -2.9073130106843568 -1.490850089830846 1.5165412935957798
Stone 0.6629401539347071 0.8123423196585617 0.9092742416462011 16.970886269614013 -10.378014111330067 -2.9675635561267066 -0.6544984694978737
Stone 0.9165438270964023 0.9018743873222911 1.0618426861809573 16.6313650038316 -18.7639078951816 -2.745234203318865 0.3047182240844344
Stone 0.5919019204130317 0.5053593800540052 0.869167754934542 39.656482792375435 -13.266239414923108 -2.502267416351186 0.3667498134714773
Stone 0.4443881500506317 0.7200872788278028 0.9949293801298903 40.1657779166286 -16.936209194347267 -2.5361267992860874 1.1422120700067049
Stone 0.5818485874850816 0.560268494072472 0.7997822882907639 41.043858131241656 -16.45450766543599 -2.4947325358070276 1.335176877775662
Obstacle 2.862348653445084 1.870605294594673 2.139709477619306 77.53537657250304 -7.0604806174226455 0.6167262715256504 0.445058959258554
Dust 0.37506103515625 1.0379981994628906 2.3326539993286133 4.704042911529541 -3.5788869857788086 -1.1968644857406616 0.0
Dust 4.353439003229141 6.930692791938782 10.004035949707031 13.802911758422852 -2.0720813870429993 1.8179175108671188 0.0