Stone 0.5498596581823586 0.64402374670713 0.6148170331514813 37.422823719886765 -18.56771804401251 -2.115855831627983 -0.2460339083439882
Stone 0.6793052389274136 0.960390096122341 0.7452157819574126 38.674210740181934 -21.90764831924571 -1.9656457153748212 -0.4974188368183842
Stone 0.46514834588425524 1.014408337845242 0.8665030820426665 29.993049872092797 -29.023518299781585 -2.287095430480012 -0.2460339083439882
Stone 0.5498596581823586 0.64402374670713 0.6148170331514813 32.200343052845255 -30.142278350195284 -2.12252249829465 -0.2460339083439882
Stone 0.6431855722368238 0.7062410227434401 0.6472392822128488 29.14463258952719 -33.69915823055226 -2.0958595412674175 -0.2460339083439882
Stone 0.5965226152095913 0.846229893825138 0.6148170331514813 37.17219424694122 -25.203696386935917 -1.9991910197810336 -0.2460339083439882
Stone 0.581408293636652 0.8488698784419682 0.7670831210548372 38.444502117747106 -24.266733458125145 -1.9423024995765807 -0.3245737246837331
Stone 0.6609085665530372 0.7529039797706728 0.7002723897366262 49.19049471876406 -21.227439562239397 -1.5168103018980001 -0.2460339083439882
Stone 0.5986846143216398 0.8253060942907354 0.6420842305887968 37.63381856502019 -22.182251821721366 -2.049543853426801 -0.49085889883996675
Stone 0.42823866065635324 1.6076889465805129 0.9237032561024952 31.139169105175824 6.552234927547943 -2.447310064174206 -0.5350686104895175
Stone 2.1394303442353286 1.8861119636210772 1.342811256049381 75.60505886435112 -15.759624446181078 1.542007136937531 0.5497787143782142
Dust 3.920813685828029 8.767203390281459 6.0651380997445115 4.988190229149595 -1.2676621297804016 0.30423652958333725 1.2594050072884277
Dust 3.09690397977829 2.188928961753845 5.333355069160461 4.8913015723228455 -2.4169384837150574 0.14095696806907654 0.0
Dust 0.8938910365104675 0.638792872428894 0.8613519668579102 2.5280590057373047 1.6959474086761475 -0.44712749123573303 0.0