Obstacle 1.2658444012467998 0.8072173671726093 0.9028210395933036 58.310070846159306 4.845425329310274 1.0387827379974035 -0.07688599335631811
Dust 4.6618011566021575 11.842061683499253 20.53546691210994 13.788002827194223 -1.493202197015161 0.8537704021941657 0.22356185900332545
Dust 5.05614703758005 4.093619648431764 9.785747328500594 30.746108212474407 -2.097350791444615 1.733319392131397 0.27074393489692994
Obstacle 1.3997738564496771 0.7825295672326695 0.6513643459262873 26.344033037312403 4.905254242008048 -1.4350271542715975 -0.2594156687403045
Dust 1.6530133952777135 2.0017037387017966 2.132741387072992 55.94039975888386 5.29457508647391 1.317206640400222 0.23561944901923548
Dust 2.1468160152435303 2.2685599327087402 3.062948703765869 5.900994300842285 -1.5550029277801514 0.618340015411377 0.0
Dust 3.2264370918273926 3.0674009323120117 4.234830856323242 18.887081146240234 -2.321335554122925 0.756401538848877 0.0
Dust 3.252476930618286 2.745112895965576 3.742952346801758 32.614627838134766 -1.4839324951171875 1.434029459953308 0.0
Dust 1.044571042060852 1.222396969795227 1.5894050598144531 4.913277626037598 0.9499714970588684 0.6413344740867615 0.0
Dust 0.7718169689178467 1.7270002365112305 1.6808128356933594 55.925331115722656 5.329833984375 1.2402085065841675 0.0
Dust 0.6107649803161621 0.5101768970489502 0.6315212249755859 27.306838989257812 -3.1131134033203125 0.7256715297698975 0.0
Dust 0.6128659844398499 0.691288948059082 0.9753379821777344 23.171249389648438 -3.698007583618164 1.0526620149612427 0.0
Dust 2.2991340160369873 3.900892734527588 2.0498666763305664 12.370994567871094 -5.34384822845459 0.7518260478973389 0.0
Dust 0.1628420054912567 0.12826895713806152 0.4561443328857422 7.255136013031006 -3.604900360107422 0.2824249863624573 0.0