Truck 8.700537776265904 9.771738976092369 15.136278998824569 37.41819418127807 10.23578595409117 -0.045625162465192964 0.43826652741928807
Truck 10.044734623933419 10.439880383290443 17.68232272526821 82.31938594936446 35.19129420974059 0.9570425286415143 2.6609945414436944
Engineering 22.401351194129283 14.892641232793665 32.483089152702206 96.31779951526596 45.43720226805647 7.039876570575383 -0.7230308519695687
Stone 1.084773227776514 1.373932709760114 1.4483161825974498 49.9860183320302 41.4546237658692 -3.1147964886721153 -1.4398966328953213
Dust 7.513592648930189 33.72460790834525 49.62407832730769 16.071712363259394 -7.261541355653912 -0.5699572207663641 -1.115494047861919
Dust 3.109327971935272 7.386242568492889 5.523151636123657 4.4170838594436646 -0.9693593084812164 -0.4835929572582245 0.0
Dust 0.9233940243721008 1.044914960861206 1.1773922443389893 6.868741154670715 -6.992310404777527 -0.4518440067768097 0.0
Dust 1.2687170505523682 1.570815086364746 0.983978271484375 10.273353576660156 -6.716064453125 -0.9425125122070312 0.0
Dust 0.24783897399902344 0.2117319107055664 0.30490875244140625 18.021827697753906 -12.195741653442383 -2.5177085399627686 0.0
Dust 0.37880802154541016 0.7010340690612793 0.6285972595214844 12.10519027709961 -6.675050735473633 -1.615602970123291 0.0
Dust 0.5178030729293823 0.9837760925292969 0.8926715850830078 25.143688201904297 -11.801362037658691 -1.7749404907226562 0.0
Dust 1.7797960042953491 1.126007080078125 2.76370906829834 25.3456711769104 -8.646595001220703 -0.8687340021133423 0.0
Dust 0.516071081161499 0.5902128219604492 0.5941944122314453 23.10228729248047 -6.60882043838501 -1.2963755130767822 0.0
Dust 0.737625002861023 1.623459815979004 1.176177978515625 22.191621780395508 -4.110262870788574 -1.509549617767334 0.0
Dust 0.8028810024261475 2.5771260261535645 2.1020164489746094 26.57998275756836 -2.9149410724639893 -1.1772295236587524 0.0
Dust 4.053019046783447 5.65256404876709 4.3643388748168945 11.305312633514404 2.398423194885254 0.14528948068618774 0.0
Dust 0.7838759422302246 1.0328459739685059 1.3284931182861328 25.731563568115234 0.9352500438690186 -1.9484169483184814 0.0
Dust 0.13926804065704346 0.1186249852180481 0.24589920043945312 21.034526824951172 0.9052995443344116 -1.85355806350708 0.0
Dust 0.16414093971252441 0.23138141632080078 0.20234298706054688 25.535669326782227 11.18701171875 -2.831512451171875 0.0
Dust 0.08836793899536133 0.37665271759033203 0.3289775848388672 19.17531967163086 10.073610305786133 -2.753103017807007 0.0