Stone 0.5498596581823586 0.64402374670713 0.6148170331514813 37.412811656073245 -18.70886329119412 -2.159855831628014 -0.2460339083439882
Stone 0.6793052389274136 0.960390096122341 0.7452157819574126 38.759236295837354 -21.9538134293025 -1.9656457153748212 -0.4974188368183843
Stone 0.46514834588425524 1.014408337845242 0.8665030820426665 30.05122917393578 -29.144551476132392 -2.287095430480012 -0.2460339083439882
Stone 0.5498596581823586 0.64402374670713 0.6148170331514813 32.20034305285367 -30.14227835020324 -2.12252249829465 -0.2460339083439882
Stone 0.6431855722368238 0.7062410227434401 0.6472392822128488 29.18755740022948 -33.755425625823136 -2.0705262079340825 -0.2460339083439882
Stone 0.5965226152095913 0.846229893825138 0.6148170331514813 37.17219424694122 -25.203696386935917 -1.9991910197810336 -0.2460339083439882
Stone 0.581408293636652 0.8488698784419682 0.7670831210548372 38.444502117747106 -24.266733458117187 -1.9423024995765807 -0.32457372468373274
Stone 0.6609085665530372 0.7529039797706728 0.7002723897366262 49.13921382317221 -21.252671666951528 -1.5200582125760154 -0.2460339083439882
Stone 0.5986846143216398 0.8253060942907354 0.6420842305887968 37.63381856502019 -22.182251821721366 -2.049543853426801 -0.49085889883996675
Car 2.487196358973692 2.51716179662646 5.967953600292536 13.799305797977933 -8.900904456075546 -2.1452833859414944 2.5169829475323224
Stone 0.42823866065635324 1.6076889465805129 0.9237032561024952 31.13916910517719 6.5522349275465785 -2.447310064174206 -0.5350686104895175
Stone 2.1394303442353286 1.8861119636210772 1.342811256049381 75.6050588643509 -15.759624446181078 1.542007136937531 0.549778714378214
Dust 5.1300102401289935 8.733157256529553 8.943028164742914 6.031984537960351 2.3514851641510903 -0.3020870831381699 3.115412714809878
Dust 5.292329747909635 4.90227483163723 6.954005916245481 14.483284458013957 4.123706485796935 0.4647804203423036 -0.030916795283798967
Dust 2.9876403470045387 2.909889593938001 6.559814981364758 19.627261039337498 -0.47871878714089605 0.6321138323027794 -1.701696020694471
Dust 1.9077268838882446 1.0221538543701172 1.0485363006591797 19.82559871673584 -3.0072460174560547 0.5622024536132812 0.0
Dust 1.1163520812988281 3.071345806121826 1.297067642211914 19.497318267822266 0.9365009665489197 -0.19511500000953674 0.0
Dust 1.235640048980713 0.20833802223205566 0.7810916900634766 17.3314208984375 2.505916118621826 -1.0818020105361938 0.0
Dust 4.8801422119140625 4.240086078643799 4.884063720703125 13.865959167480469 4.006300926208496 0.560869038105011 0.0
Dust 4.605225026607513 4.692128896713257 8.713110089302063 6.0733742117881775 3.120371460914612 -0.72433140873909 0.0
Dust 0.1766049861907959 0.1373462677001953 0.1564016342163086 8.573196411132812 6.244316101074219 -1.7773644924163818 0.0
Dust 0.24764099717140198 0.9756069779396057 0.7286789417266846 2.932068347930908 -1.0471495389938354 0.2849155068397522 0.0