Obstacle 1.2658444012467998 0.8072173671726093 0.9028210395933036 60.082260606386626 4.826229955186136 1.2240559132415998 -0.0768859933563182
Dust 4.066466567347839 11.842061683499253 20.932356638279483 14.540848568866693 -0.8747324234643976 0.6648757421209035 0.21041902927588715
Dust 5.175985726955784 4.093619648431764 16.25703655479023 36.61921303042007 -0.9586273184624489 1.8632723730599312 0.24658568685515456
Obstacle 1.3997738564496771 0.7825295672326695 0.6513643459262873 28.07569126778957 4.856870000944194 -1.386742336461078 -0.2594156687403045
Dust 0.8890479803085327 0.8440990447998047 0.8816318511962891 17.02212905883789 -2.9811744689941406 -0.478626012802124 0.0
Dust 2.219507932662964 6.175105929374695 4.183175086975098 6.862075328826904 0.015255987644195557 0.6690459847450256 0.0
Dust 2.5072021484375 2.271056890487671 3.038728713989258 19.826419830322266 -1.3170825242996216 0.5480390191078186 0.0
Dust 3.0230000019073486 2.4500279426574707 3.365732192993164 33.677032470703125 -0.7920980453491211 1.1586490869522095 0.0
Dust 1.1761748790740967 0.8374990224838257 1.8688087463378906 43.25342559814453 -0.09778350591659546 3.2414846420288086 0.0
Dust 0.13049602508544922 0.1583850383758545 0.27715301513671875 28.95994758605957 -2.6598563194274902 0.5178020000457764 0.0
Dust 0.8847349882125854 1.75496506690979 1.3262462615966797 24.480777740478516 -3.4921655654907227 0.6937264800071716 0.0
Dust 2.886526107788086 4.731210708618164 2.92556095123291 13.624956130981445 -4.58231258392334 0.6643009781837463 0.0
Dust 0.0665920078754425 0.2005167007446289 0.16712665557861328 8.560697555541992 -5.1467604637146 0.22058500349521637 0.0