Car 2.1793036796813468 2.1816045440668606 5.055309684682115 45.247689398707436 5.276556392028077 -1.0359459769006152 0.470065840607063
Dust 6.831921815872192 17.942930067875217 16.19293360661561 6.1256957609064555 -4.04418626607234 1.3393690829635523 0.35527008835644347
Stone 0.9341508071761673 1.1359538824972304 0.9092742416462011 54.014594754744145 -11.297617063264742 -1.253563905137346 -0.6544984694978737
Stone 1.1544167285127127 0.9018743873222911 1.2085716697876496 54.17930190658379 -19.301085390335345 -1.283195222514982 0.3047182240844344
Stone 0.48374540531904114 0.5053593800540052 0.7826425428593495 65.01288514244428 -4.496948896931656 -2.868189158804191 0.3667498134714773
Dust 3.6286497662924377 2.912027639267377 12.521501489872044 33.30818906678595 1.0920266271378318 -0.1544689007318645 -2.7514221847116715
Obstacle 2.862348653445084 1.870605294594673 2.139709477619306 113.9706311271942 -6.289072206735783 4.028462186230947 0.445058959258554
Dust 1.536641001701355 3.284040927886963 3.804459810256958 3.9311060905456543 -2.168365478515625 0.5107424855232239 0.0
Dust 0.5966120362281799 0.8174052238464355 1.5370492935180664 5.461514472961426 -5.023599624633789 -0.2779169976711273 0.0
Dust 2.528992086648941 3.7664371132850647 8.061057090759277 34.3510308265686 1.5397414863109589 -0.6900589913129807 0.0
Dust 0.21909700334072113 0.5011509656906128 0.7462654113769531 30.681411743164062 -1.4339654445648193 0.05925949662923813 0.0