Stone 0.777251873574619 1.014833661095458 0.9071701906881946 19.154243040525508 -13.177056779943479 -2.8673357371933688 -0.2988262809166944
Stone 0.5665683009646424 0.7474128289925159 0.6424162451680309 19.064727881813035 -14.848911128862749 -3.0477783869673556 -0.26174099179616384
Car 2.487196358973692 2.51716179662646 5.967953600292536 53.397176513307606 -3.684431742658437 4.484470264513066 0.022932115647286283
Stone 0.7138643773217663 0.7803623649965619 0.8161133775283342 31.381582014055038 -23.86397836864607 -1.8040662152136786 0.1308996938995747
Stone 0.5227665280323128 0.6605158690179487 0.7766545300545612 18.265310126253098 -11.970804931218481 -2.9295281557940944 -0.28932663838434514
Dust 2.151377909137126 3.0787386273805475 8.154772266308155 24.498722774028554 -2.450940097482593 0.5382334087790998 0.02635253627331378
Dust 2.5461591453434353 3.0282323513522758 8.135618642572517 37.45380615930208 -2.940344807029117 2.3186968754521233 -0.22993844729331303
Obstacle 1.3997738564496771 0.7825295672326695 0.6513643459262873 53.269826826393285 -0.968710957647595 4.238199266073239 -0.2594156687403045
Stone 0.3884632525699155 0.7088970543812462 0.7326449440355011 10.060777602779172 10.708703971371003 -2.4095168662602306 0.03816587891439194
Dust 0.34718599915504456 0.37453293800354004 0.6515941619873047 20.918243408203125 -2.7489585876464844 -0.11093400418758392 0.0
Dust 1.881795883178711 2.76625394821167 4.095607757568359 26.366119384765625 -2.425482988357544 0.40526697039604187 0.0
Dust 1.2018998861312866 2.87998104095459 2.421459197998047 40.10645294189453 -3.381216526031494 2.1339828968048096 0.0
Dust 1.564297080039978 1.871366024017334 1.6527252197265625 35.1384162902832 -2.6220860481262207 1.846360445022583 0.0