Stone 0.5498596581823586 0.64402374670713 0.6148170331514813 37.52267012491029 -18.66109861755467 -2.135855831627995 -0.2460339083439882
Stone 0.6793052389274136 0.960390096122341 0.7452157819574126 38.74987140097983 -21.948728706262045 -1.9656457153748212 -0.4974188368183843
Stone 0.46514834588425524 1.014408337845242 0.8665030820426665 30.066242434191736 -29.20161267667072 -2.287095430480012 -0.2460339083439882
Stone 0.5498596581823586 0.64402374670713 0.6148170331514813 32.20034305284662 -30.142278350196193 -2.12252249829465 -0.2460339083439882
Stone 0.6431855722368238 0.7062410227434401 0.6472392822128488 29.158665418774945 -33.734629456892435 -2.0558595412674174 -0.2460339083439882
Stone 0.5965226152095913 0.846229893825138 0.6148170331514813 37.17219424694122 -25.203696386935917 -1.9991910197810336 -0.2460339083439882
Stone 0.581408293636652 0.8488698784419682 0.7670831210548372 38.444502117747106 -24.266733458124236 -1.9423024995765807 -0.32457372468373297
Stone 0.6609085665530372 0.7529039797706728 0.7002723897366262 49.15872970620421 -21.328535675856983 -1.543751892151447 -0.2460339083439882
Stone 0.5986846143216398 0.8253060942907354 0.6420842305887968 37.63381856502019 -22.182251821721366 -2.049543853426801 -0.49085889883996675
Stone 0.42823866065635324 1.6076889465805129 0.9237032561024952 31.139169105176734 6.552234927547033 -2.447310064174206 -0.5350686104895175
Stone 2.1394303442353286 1.8861119636210772 1.342811256049381 75.60505886435112 -15.759624446181078 1.542007136937531 0.5497787143782142
Dust 4.791965371505673 6.941603903466172 16.00558581649655 9.662855121316806 -1.5654217116300615 1.4120657572922348 3.115412714809878
Dust 1.895888939499855 3.4182219952344894 5.8731560707092285 4.9479100704193115 -1.305860973894596 0.7427884861826897 0.0
Dust 0.36213016510009766 1.2841670513153076 2.5570297241210938 15.808311462402344 -0.08038148283958435 2.192147970199585 0.0
Dust 1.7212998867034912 1.615536093711853 2.2123517990112305 9.665515899658203 -2.537421941757202 1.6526049375534058 0.0
Dust 0.1630079746246338 0.2765347957611084 0.3788175582885742 13.811210632324219 -4.107835292816162 3.351541042327881 0.0