Stone 0.5498596581823586 0.64402374670713 0.6148170331514813 37.3700821815124 -18.692548320849255 -2.1465226610550996 -0.2460339083439882
Stone 0.6793052389274136 0.960390096122341 0.7452157819574126 38.76074676274999 -21.954633545921297 -1.9656457153748212 -0.4974188368183843
Stone 0.46514834588425524 1.014408337845242 0.8665030820426665 30.055331579558725 -29.131443073908486 -2.287095430480012 -0.2460339083439882
Stone 0.5498596581823586 0.64402374670713 0.6148170331514813 32.200343052854784 -30.142278350204833 -2.12252249829465 -0.2460339083439882
Stone 0.6431855722368238 0.7062410227434401 0.6472392822128488 29.19221739723843 -33.758779846618836 -2.0771928746007484 -0.2460339083439882
Stone 0.5965226152095913 0.846229893825138 0.6148170331514813 37.17219424694122 -25.203696386935917 -1.9991910197810336 -0.2460339083439882
Stone 0.581408293636652 0.8488698784419682 0.7670831210548372 38.444502117747106 -24.266733458115596 -1.9423024995765807 -0.32457372468373274
Stone 0.6609085665530372 0.7529039797706728 0.7002723897366262 49.154214146156974 -21.223953862182043 -1.5341627030011338 -0.2460339083439882
Stone 0.5986846143216398 0.8253060942907354 0.6420842305887968 37.63381856502019 -22.182251821721366 -2.049543853426801 -0.49085889883996675
Car 2.487196358973692 2.51716179662646 5.967953600292536 5.0899045359069355 1.7561348236869885 -2.3124939016162007 2.386628669023996
Stone 0.42823866065635324 1.6076889465805129 0.9237032561024952 31.13916910517719 6.5522349275465785 -2.447310064174206 -0.5350686104895175
Stone 2.1394303442353286 1.8861119636210772 1.342811256049381 75.60505886435112 -15.759624446181078 1.542007136937531 0.549778714378214
Dust 5.855127827652503 4.980162091735826 8.635924556561038 19.239323266575525 0.9850602812900102 1.5481439965246373 -0.3160951587134139
Dust 2.4792334892420325 1.5067344974126056 2.0682897572288708 9.837844521072187 4.138943678333444 0.3898898329750897 2.635447170511438
Dust 1.3404016012696258 1.7209315500598084 2.5963536579842 8.127820775967166 -1.3210528350357467 -2.3294942906127454 2.3823744289722595
Dust 3.163863030697891 3.0638012675382473 5.237322209826343 3.473139305059795 -0.5827740912035354 -0.16144213270888205 2.388869998691778
Dust 1.2581700086593628 1.9314239025115967 2.3596091270446777 8.226259231567383 -1.3149880170822144 -2.589920997619629 0.0
Dust 5.065152168273926 4.489783763885498 3.968939781188965 17.617841720581055 1.5551899671554565 1.45114004611969 0.0
Dust 2.528494954109192 3.776580035686493 2.9111350774765015 3.4979464411735535 -0.2501159608364105 -0.2754594683647156 0.0
Dust 2.0380739569664 0.7047610282897949 1.659935474395752 9.931926488876343 3.9969794750213623 0.27263399958610535 0.0
Dust 0.6092360019683838 0.6486219763755798 0.4901609420776367 6.024411678314209 1.2219239473342896 -0.14479398727416992 0.0
Dust 1.5159729421138763 2.3243190944194794 1.0116806030273438 22.62364387512207 -0.16685251891613007 0.27861447632312775 0.0