Stone 0.777251873574619 1.014833661095458 0.9071701906881946 17.638191590462416 -12.818270934660488 -3.2770686777602576 -0.2988262809166944
Stone 0.5665683009646424 0.7474128289925159 0.6424162451680309 17.447928799765847 -14.643427405887312 -3.5874369672788027 -0.2617409917961637
Car 2.487196358973692 2.51716179662646 5.967953600292536 58.47385594553545 -2.504863183748178 3.7397187795636233 0.04038540816722967
Stone 0.7138643773217663 0.7803623649965619 0.8161133775283342 29.813371341129898 -23.342633874045966 -2.638685741777306 0.1308996938995747
Stone 0.5227665280323128 0.6605158690179487 0.7766545300545612 16.604543731424062 -11.696334455618238 -3.4438528726300475 -0.28932663838434514
Dust 2.4354380031125724 3.5719543715533675 5.204796063589864 25.721583151450044 -2.388098907633286 -0.2483764541969648 0.03952880440997074
Dust 2.720329986594267 3.2589656010574193 8.465403151075275 36.72186866059795 -2.5496250709883537 1.3488219425381522 -0.17406548042380468
Obstacle 1.3997738564496771 0.7825295672326695 0.6513643459262873 51.88420132765627 0.10347976873395077 2.6314758068876234 -0.2594156687403045
Dust 1.5284122158634097 1.3354553447581368 1.6370119393919653 47.23350359890431 -2.0860874557378692 2.1596000517183263 0.07853981633974483
Dust 1.2436536377152594 1.0298563099303442 1.0881328379835133 29.00376630212651 -13.506623433680451 4.289348776871904 -1.5446163880149815
Dust 1.0737290382385254 2.8463168144226074 1.4694366455078125 23.821205139160156 -2.127171516418457 -0.35349950194358826 0.0
Dust 2.0225350856781006 2.143744945526123 2.45867919921875 26.97588348388672 -2.6523375511169434 -0.37691953778266907 0.0
Dust 2.8408210277557373 2.564602851867676 2.525165557861328 34.40410614013672 -2.3139545917510986 0.5713925361633301 0.0
Dust 1.1486010551452637 0.8730520009994507 1.358917236328125 47.2914924621582 -1.9400999546051025 2.022010564804077 0.0
Dust 1.1802990436553955 3.1815998554229736 2.2548751831054688 39.1900520324707 -3.0036230087280273 1.061835527420044 0.0
Dust 0.22818899154663086 0.19054698944091797 0.030780792236328125 29.01603889465332 -13.36309814453125 4.369136810302734 0.0