Stone 0.5498596581823586 0.64402374670713 0.6148170331514813 42.0006237413584 -16.12025917303105 -1.6232087919211686 -0.2460339083439882
Stone 0.6793052389274136 0.960390096122341 0.7452157819574126 43.32617597827929 -19.421025884306086 -1.3426671884324386 -0.4974188368183842
Stone 0.5986846143216398 0.8253060942907354 0.6420842305887968 42.19332971841813 -19.62525696291516 -1.495322278637831 -0.49085889883996675
Car 2.487196358973692 2.51716179662646 5.967953600292536 11.840348764320808 9.819941358431212 -2.197533329007815 2.860261306495091
Stone 2.1394303442353286 1.8861119636210772 1.342811256049381 79.83530054862729 -10.96788951932703 1.9338931759537097 0.5497787143782142
Stone 1.0144228367143593 1.1707461067211018 0.8924581383634693 17.252302964398993 -13.906888516971394 -2.4624961525772715 -0.2879793265790643
Stone 0.8947256323076557 0.8947632446502962 0.8750634945762363 18.910917900313937 -21.0135525407148 -2.104866464453294 -0.7388052020240804
Dust 2.8571868082572913 13.150617982642016 7.813502211338077 21.962725592989965 -5.6213787296716005 -0.9119267965898858 2.7542179124208337
Dust 2.955870629892609 3.0803290021881296 3.6232247011182035 3.189185107202135 -1.6693928359369912 -0.43760536757819 1.2594050072884277
Dust 2.0746169686317444 2.7315167784690857 2.37480491399765 2.7834754288196564 -1.5661084353923798 -0.358738511800766 0.0
Dust 0.6063910126686096 0.17111408710479736 0.3179149627685547 26.89871597290039 -2.081118106842041 -0.026880502700805664 0.0