Stone 0.5498596581823586 0.64402374670713 0.6148170331514813 37.682181630657894 -18.432247330301784 -2.04971279282535 -0.2460339083439882
Stone 0.6793052389274136 0.960390096122341 0.7452157819574126 38.94039276403207 -21.710805411883474 -1.785645715374821 -0.4974188368183842
Stone 0.46514834588425524 1.014408337845242 0.8665030820426665 30.231974589499202 -29.040152064074036 -2.227095430480012 -0.2460339083439882
Stone 0.5498596581823586 0.64402374670713 0.6148170331514813 32.73027102211472 -30.979120160189495 -2.0843828641975746 -0.2460339083439882
Stone 0.6431855722368238 0.7062410227434401 0.6472392822128488 29.408576450846017 -33.460599081504306 -1.9083505184130656 -0.2460339083439882
Stone 0.5965226152095913 0.846229893825138 0.6148170331514813 37.55409183543952 -24.975105561269174 -1.8391910197810335 -0.2460339083439882
Stone 0.581408293636652 0.8488698784419682 0.7670831210548372 38.850920090950034 -24.024440486079882 -1.8423024995765807 -0.32457372468373313
Stone 0.6609085665530372 0.7529039797706728 0.7002723897366262 49.36753109578181 -20.965580227657203 -1.4284252426095694 -0.2460339083439882
Stone 0.5986846143216398 0.8253060942907354 0.6420842305887968 37.73209574877295 -21.998381529585668 -1.9337179288350115 -0.49085889883996675
Stone 0.42823866065635324 1.6076889465805129 0.9237032561024952 31.139169105175824 6.552234927547488 -2.447310064174206 -0.5350686104895175
Stone 2.1394303442353286 1.8861119636210772 1.342811256049381 75.70737568407364 -15.696924618415164 1.542007136937531 0.5497787143782142
Dust 2.645607067675116 4.50275960039533 3.5007729934866854 3.2197625928039546 -1.6878692342442592 -0.5654219099765815 1.2594050072884277
Dust 1.4370520114898682 1.8489891290664673 2.5517146587371826 3.052670478820801 -2.060589611530304 -0.37867701053619385 0.0