Truck 8.700537776265904 9.771738976092369 15.136278998824569 37.55257315906566 10.278494475644905 -0.045625162465192964 0.4362212197021068
Truck 10.044734623933419 10.439880383290443 17.68232272526821 82.31938594936446 35.19129420974059 0.9570425286415143 2.6609945414436944
Engineering 22.401351194129283 14.892641232793665 32.483089152702206 96.24218484282312 45.454673985710585 7.039876570575383 -0.7005521592270818
Stone 1.084773227776514 1.373932709760114 1.4483161825974498 49.9860183320302 41.4546237658692 -3.1147964886721153 -1.4398966328953213
Dust 7.990154068914683 33.72460790834525 49.62407832730769 16.728182866194174 -7.002729313491727 -0.8082379307586114 -1.1647946409090206
Dust 5.6962509751319885 16.765087246894836 15.784271001815796 9.503061413764954 -4.128632485866547 -1.3850955665111542 0.0
Dust 0.2471030056476593 0.3499183654785156 0.3585243225097656 17.621301651000977 -14.907563209533691 -0.08476249873638153 0.0
Dust 4.112586975097656 6.604976654052734 4.1386518478393555 28.343082904815674 -15.0775465965271 -1.3716464042663574 0.0
Dust 1.3506989479064941 4.7650041580200195 3.214292526245117 23.305301666259766 -12.603635787963867 -2.4736804962158203 0.0
Dust 0.8671180009841919 1.0245039463043213 1.8524589538574219 26.856895446777344 -1.5515509843826294 -0.5357679724693298 0.0
Dust 0.8301020264625549 0.8006820678710938 0.41211891174316406 30.009342193603516 -20.42075538635254 -0.8783880472183228 0.0