Truck 5.170358308802778 3.9468080005671515 9.952874880990938 17.324520428329407 -12.429144609631471 2.387717218222987 -1.0858591271131666
Truck 3.167179779659269 3.0157213170683805 6.370317637217243 12.999506935293539 4.8541730795600415 0.21098246534305487 -1.0800657403682168
Obstacle 3.481606420675618 3.7553839219747402 1.2343074629982271 10.88011085862998 10.714422107099256 0.2613679364918331 -1.178361348348245
Obstacle 2.9243708773902966 1.151388424514583 1.1294155920283346 14.14257802118944 12.620268306925526 2.473584416353681 -1.1906851640522669
Dust 1.5944354838928299 4.663713920550945 3.7291977805479073 3.513445684735293 0.32024212850806494 0.5290403509421154 -0.10187941787950612
Dust 1.079102320359066 1.6129084663159523 3.455776920632904 11.798276637403998 0.86873898501108 1.8489028152676614 -0.6387486961992144
Dust 2.097174041338186 3.4818489766607916 6.5008084221513025 12.988886583619218 -4.95939022280929 2.4450558193157366 -1.0907152654532872
Dust 0.5342309474945068 0.512485146522522 1.3466770648956299 2.6001534461975098 1.8451015949249268 0.3495025038719177 0.0
Dust 0.5989050269126892 2.6218841075897217 1.5455310344696045 4.213709354400635 -0.4913540184497833 0.7533664703369141 0.0
Dust 0.7417911291122437 1.4816210269927979 1.2595205307006836 10.89616584777832 1.3335765600204468 1.838712453842163 0.0
Dust 0.138158917427063 0.17864298820495605 0.18712425231933594 12.893880844116211 0.16551649570465088 2.012258529663086 0.0
Dust 0.8022791147232056 1.6125468015670776 2.351593017578125 11.76761245727539 -3.4840014576911926 1.9486865997314453 0.0
Dust 1.0052099227905273 1.7600641250610352 2.1642990112304688 14.191433906555176 -6.500223159790039 2.8095290660858154 0.0