Stone 0.6600656148654738 0.8282118690548653 0.666078745014086 28.52041922384751 21.122235230885508 -2.389967192567264 -0.11378712431442195
Stone 0.6 0.6 0.6 21.315929453115814 21.575610879991473 -2.740000000000001 -0.11378712431442554
Stone 0.44609637991851725 0.6 0.6 23.597712502591094 10.518666453933292 -2.643757144897664 -0.11378712431442554
Car 1.977082073688507 2.3041729032160077 5.2576929525810385 14.009383545417013 1.4789078423526547 -2.165767062902451 -2.827433388230814
Dust 1.103788137435913 1.0435827303749114 4.0080112070702105 14.92930775873117 3.5449919849273677 -2.574859023094177 -2.8375999679405712
Dust 3.161128953099251 7.019866700790818 15.583441058764928 24.48424568609364 2.969616426031303 -0.9198554645473148 3.0798594209306067
Dust 2.921886920928955 2.5394443328382117 9.78258418487248 35.36522839387181 -3.4331904244666753 -0.5692474126815802 2.245613363707769
Dust 0.20247197151184082 0.4636540412902832 0.30899810791015625 38.457149505615234 -6.732436180114746 -1.50690495967865 0.0
Dust 0.37714898586273193 0.6104316711425781 0.4086875915527344 37.01929473876953 -4.754137992858887 -1.4605793952941895 0.0
Dust 3.0098841190338135 7.505489826202393 9.633678436279297 30.971776962280273 -0.2573668956756592 -1.051529049873352 0.0
Dust 2.4488940238952637 4.716036796569824 11.545047760009766 18.941802978515625 4.005575656890869 -1.8156380653381348 0.0