Car 2.3171420069304887 2.481154314443436 5.040340473601085 34.300139197529475 -11.441730759620327 -1.1011889355602393 -0.6872233929727677
Obstacle 3.070847799073035 0.8156996274127509 0.9475910074497165 25.661454830884892 -0.2613961760540254 -0.3370123878220906 -0.31706998319322616
Obstacle 2.0403656499504534 0.8234688762419853 1.4216332675874408 29.511197990311558 -2.624620182011863 -0.9467218232375687 -0.2385301668534796
Obstacle 3.0597764972761423 0.86443123002157 1.0123207446112632 14.106436278362526 -8.687213207077953 -0.3700686512432923 -0.23853016685348008
Obstacle 1.987142229038152 0.5373047545618712 1.3056559472639462 26.64382591371227 -12.36176870108015 -0.3812789869518706 0.02853726919850685
Obstacle 1.9856779599041783 0.9461798043316993 0.7038959612785501 28.0345207109473 -13.69532892525001 -0.32678111434722656 -0.04363323129985811
Obstacle 2.9082445735864457 0.9788040594965648 1.3953013604536701 38.09069649861324 -3.6227915445256107 0.41488855910142275 -0.08149166593912827
Obstacle 3.0759932609770235 1.587155486170891 1.2498503048410008 36.42658128865763 -17.731529298293637 -0.0007354335342403887 2.652900463031381
Obstacle 2.5315892225099854 2.108019889068737 1.3818196319865075 63.53438747838652 -19.1341024368069 2.8228819774528184 -2.637901539772054
Obstacle 2.2054699788893095 0.9991098342952555 0.6319564583204632 6.950342562074031 -6.707824624998736 -0.813556091657254 -0.21816615649929144
Obstacle 1.6002852088868758 0.29151886141346867 0.9768909531720216 6.077013783553702 -6.088178670870871 -1.353584316638105 -0.2733776959051852
Dust 1.0632018403980017 1.9486664892334602 2.339282666805282 2.8941000680459164 -1.2340354964105322 0.25394366601661444 -0.026179938779915347
Dust 0.27368712425231934 0.04331398010253906 0.1739358901977539 11.655914306640625 3.843780040740967 -1.9489845037460327 0.0