Car 2.5516276696412654 2.1816045440668606 5.055309684682115 29.949409662391215 6.184305384456508 -2.093576901469568 -0.8385300274402745
Dust 6.487164249649092 12.86616914423584 15.355428845260867 19.513921425500094 1.1971501186481486 1.1470103636782054 0.35527008835644347
Stone 1.198500800099005 1.1359538824972304 0.9092742416462011 33.38173895931034 -7.319893071477213 -2.500007596792166 -0.6544984694978737
Stone 1.5034597615231715 0.9018743873222911 1.2085716697876496 34.120621650215185 -15.74048236174717 -1.8957447210927563 0.3047182240844344
Stone 0.4850337731486719 0.8217013365729032 0.9949293801298903 56.98402459374334 -11.1838797959865 -1.4981948963635636 1.1422120700067049
Stone 0.9091134834904829 0.6835909073655321 0.9806904654547391 57.99067565272843 -10.828004217094 -1.289120413261611 1.335176877775662
Stone 0.6297821352849321 0.8923427910707943 0.8218953157969677 22.36812532635187 -15.738863683572502 -2.517040928720132 1.7540558982543015
Obstacle 2.862348653445084 1.870605294594673 2.139709477619306 92.74675671549613 2.205899220228084 1.0799010409313454 0.445058959258554
Dust 3.8436899185180664 3.6053247451782227 4.14564323425293 23.13181781768799 3.5641374588012695 0.0732080340385437 0.0
Dust 0.2367570400238037 0.6420660018920898 0.7162914276123047 19.900741577148438 1.4752470254898071 1.112552523612976 0.0
Dust 0.8353040218353271 0.5062109231948853 1.75555419921875 17.109851837158203 -2.1033835411071777 1.6565510034561157 0.0