Truck 8.700537776265904 9.771738976092369 15.136278998824569 37.337566794605664 10.210160841158995 -0.045625162465192964 0.43949371204959675
Truck 10.044734623933419 10.439880383290443 17.68232272526821 82.31938594936446 35.19129420974059 0.9570425286415143 2.6609945414436944
Engineering 22.401351194129283 14.892641232793665 32.483089152702206 96.93685040910668 46.069833240222124 7.039876570575383 -0.7343013550050683
Stone 1.084773227776514 1.373932709760114 1.4483161825974498 49.9860183320302 41.4546237658692 -3.1147964886721153 -1.4398966328953213
Dust 7.998340713074097 33.557567457524335 49.62407832730769 15.751745800445688 -7.377942959077925 -0.8123312528383184 -1.0865027406562062
Dust 0.27925801277160645 0.3649311065673828 1.0351085662841797 10.27950382232666 -9.754240989685059 -0.12372700124979019 0.0
Dust 2.9912830591201782 7.193315029144287 5.193029880523682 4.268105983734131 -1.390432596206665 -0.9007415175437927 0.0
Dust 0.4444729685783386 1.206528663635254 1.427133560180664 8.513855934143066 -7.769786357879639 -0.6097735166549683 0.0
Dust 1.6298600435256958 1.7598142623901367 1.4681930541992188 26.573768615722656 -15.11093521118164 -1.2113980054855347 0.0
Dust 3.8544520139694214 6.304813981056213 3.547342300415039 11.709372997283936 -3.6799740195274353 -1.9960899949073792 0.0
Dust 5.230857074260712 12.027668476104736 8.98843765258789 26.50979232788086 -6.726139307022095 -1.0162245333194733 0.0
Dust 2.122459053993225 1.2662630081176758 1.4068479537963867 18.356607913970947 -5.011102676391602 -1.0770785212516785 0.0
Dust 1.035243034362793 1.1870230436325073 1.266824722290039 28.024517059326172 0.5452014803886414 -2.867947578430176 0.0
Dust 1.7319949865341187 1.1140300631523132 1.843451976776123 13.663352251052856 1.7246420681476593 0.42792749404907227 0.0
Dust 0.5986819863319397 0.9636130332946777 1.0996284484863281 16.478836059570312 -1.1972445249557495 -0.16223999857902527 0.0
Dust 0.15977787971496582 0.09731388092041016 0.10211372375488281 16.505573272705078 -3.9491000175476074 2.087462902069092 0.0