Stone 0.5498596581823586 0.64402374670713 0.6148170331514813 37.40426571383887 -18.70560025167879 -2.1571891649613475 -0.2460339083439882
Stone 0.6793052389274136 0.960390096122341 0.7452157819574126 38.75953838921987 -21.953977452626305 -1.9656457153748212 -0.4974188368183843
Stone 0.46514834588425524 1.014408337845242 0.8665030820426665 30.0520496550605 -29.1419297956877 -2.287095430480012 -0.2460339083439882
Stone 0.5498596581823586 0.64402374670713 0.6148170331514813 32.200343052853896 -30.14227835020347 -2.12252249829465 -0.2460339083439882
Stone 0.6431855722368238 0.7062410227434401 0.6472392822128488 29.18848939963118 -33.75609646998237 -2.0718595412674157 -0.2460339083439882
Stone 0.5965226152095913 0.846229893825138 0.6148170331514813 37.17219424694122 -25.203696386935917 -1.9991910197810336 -0.2460339083439882
Stone 0.581408293636652 0.8488698784419682 0.7670831210548372 38.444502117747106 -24.26673345811696 -1.9423024995765807 -0.32457372468373274
Stone 0.6609085665530372 0.7529039797706728 0.7002723897366262 49.14221946851512 -21.24692442687524 -1.522879151350212 -0.2460339083439882
Stone 0.5986846143216398 0.8253060942907354 0.6420842305887968 37.63381856502019 -22.182251821721366 -2.049543853426801 -0.49085889883996675
Car 2.487196358973692 2.51716179662646 5.967953600292536 11.935836410714844 -6.9938251591816565 -2.181909650165531 2.3205243236047113
Stone 0.42823866065635324 1.6076889465805129 0.9237032561024952 31.13916910517719 6.5522349275465785 -2.447310064174206 -0.5350686104895175
Stone 2.1394303442353286 1.8861119636210772 1.342811256049381 75.60505886435112 -15.759624446181078 1.542007136937531 0.549778714378214
Dust 4.468127494323864 8.866200397802636 8.886922431843924 5.936756231917946 1.5808371699880046 -0.1454150133992736 3.1066860685499065
Dust 5.292329747909635 4.9569461579562635 6.234747354564261 15.336620516715364 3.8493062099916444 0.698344146659921 -0.13525723624763566
Dust 1.9220933108912546 3.046623354606796 5.948053439509816 19.92032871059743 -0.8493227230760483 0.289338205492607 -1.701696020694471
Dust 0.13667400181293488 0.34760093688964844 0.41222572326660156 20.258262634277344 -3.0406925678253174 -0.14243099093437195 0.0
Dust 1.0986989736557007 2.432075023651123 1.8036270141601562 19.914134979248047 0.5362844467163086 0.0016685128211975098 0.0
Dust 4.934584140777588 4.711379051208496 4.783392429351807 14.706537008285522 3.8094754219055176 0.8070090413093567 0.0
Dust 3.8941010236740112 7.285831093788147 5.547353029251099 7.226393342018127 1.3982135653495789 -0.05163860321044922 0.0
Dust 1.6283320188522339 0.9949460029602051 1.6049120426177979 2.5174951553344727 1.8062419891357422 -0.30656498670578003 0.0
Dust 0.15905898809432983 0.20516204833984375 0.12895774841308594 18.010990142822266 2.4183509349823 -1.0568424463272095 0.0
Dust 0.6238920092582703 1.863813042640686 1.4307811260223389 2.9745025634765625 -0.9629234671592712 0.42545899748802185 0.0