Stone 0.5498596581823586 0.64402374670713 0.6148170331514813 37.5218774696973 -18.665281522969963 -2.1385224982946625 -0.2460339083439882
Stone 0.6793052389274136 0.960390096122341 0.7452157819574126 38.75017349436257 -21.948892729586078 -1.9656457153748212 -0.4974188368183843
Stone 0.46514834588425524 1.014408337845242 0.8665030820426665 30.058973280292776 -29.2038331748754 -2.287095430480012 -0.2460339083439882
Stone 0.5498596581823586 0.64402374670713 0.6148170331514813 32.200343052847074 -30.142278350196648 -2.12252249829465 -0.2460339083439882
Stone 0.6431855722368238 0.7062410227434401 0.6472392822128488 29.159597418176418 -33.73530030105121 -2.0518595412674174 -0.2460339083439882
Stone 0.5965226152095913 0.846229893825138 0.6148170331514813 37.17219424694122 -25.203696386935917 -1.9991910197810336 -0.2460339083439882
Stone 0.581408293636652 0.8488698784419682 0.7670831210548372 38.444502117747106 -24.26673345812378 -1.9423024995765807 -0.32457372468373297
Stone 0.6609085665530372 0.7529039797706728 0.7002723897366262 49.15424869871276 -21.330531500172583 -1.5445938168468674 -0.2460339083439882
Stone 0.5986846143216398 0.8253060942907354 0.6420842305887968 37.63381856502019 -22.182251821721366 -2.049543853426801 -0.49085889883996675
Stone 0.42823866065635324 1.6076889465805129 0.9237032561024952 31.13916910517719 6.552234927547033 -2.447310064174206 -0.5350686104895175
Stone 2.1394303442353286 1.8861119636210772 1.342811256049381 75.60505886435112 -15.759624446181078 1.542007136937531 0.5497787143782142
Dust 4.970820016107372 6.941603903466172 18.106784296786856 10.691407360502485 -2.2272685558114205 1.9036221736958254 3.115412714809878
Dust 1.3181849718093872 2.1774399280548096 3.0945911407470703 18.207561492919922 -0.5900570154190063 2.093207597732544 0.0
Dust 0.430586040019989 0.733430027961731 0.9464728832244873 2.8121724128723145 -0.5378919839859009 0.3771440088748932 0.0
Dust 2.0544838905334473 3.013218879699707 4.144552707672119 6.026690483093262 -1.9169085025787354 0.8235519528388977 0.0
Dust 1.5480380058288574 2.135718822479248 2.406344413757324 10.899835586547852 -3.1280224323272705 1.7743480205535889 0.0
Dust 0.2448720932006836 0.15531301498413086 0.3209848403930664 15.029354095458984 -4.914582252502441 3.6063380241394043 0.0
Dust 0.365084171295166 0.23226404190063477 0.5591440200805664 13.043115615844727 -5.509209632873535 2.6863620281219482 0.0