Car 2.487196358973692 2.51716179662646 5.967953600292536 90.04206329193127 19.418283590504082 -0.23248983615542093 2.772610332003874
Stone 1.1435063224429867 0.9655456430448159 1.2184744691204688 56.177745743816565 43.61996404194872 -2.471435750358024 0.28813651018963893
Obstacle 1.2658444012467998 0.8072173671726093 0.9028210395933036 46.06748601665652 3.989599945641237 -1.4353469380604729 -0.07688599335631773
Dust 7.1969245490923965 21.554191494348412 32.67564738884951 19.775732785755398 -1.5340491168136345 2.3114520488331953 0.315561667095394
Obstacle 1.3997738564496771 0.7825295672326695 0.6513643459262873 14.06052776886457 4.509653919335505 -2.5913849218526965 -0.2594156687403045
Dust 2.1241431800271116 1.9269883119108941 2.753001859231487 52.32553225028575 3.7028757006902775 0.5840940224062393 0.22521364522675538
Dust 4.5841288566589355 4.861010551452637 11.233651161193848 11.857033252716064 -7.713048458099365 0.8405885100364685 0.0
Dust 1.2184391021728516 2.0464706420898438 1.8066825866699219 25.352907180786133 -5.575603485107422 -0.0756784975528717 0.0
Dust 1.2943769693374634 1.1037299633026123 1.9888839721679688 52.21554183959961 4.03694486618042 0.3829345107078552 0.0
Dust 0.3991360068321228 0.8816251754760742 0.7854156494140625 35.82527160644531 -4.261546611785889 0.35356900095939636 0.0
Dust 0.112030029296875 0.19231605529785156 0.03943061828613281 21.484283447265625 -9.073440551757812 4.371545791625977 0.0