Truck 5.170358308802778 3.9468080005671515 9.952874880990938 17.77255383954718 -11.628483791347193 2.3170564422696716 -0.7679667964096439
Obstacle 6.479067769615332 1.4542222977556554 2.017368362498952 81.51087980138546 -34.69217682453201 17.704120188617058 -0.6065019150680296
Obstacle 3.1161040114640315 4.14254930800351 3.8583599497976904 99.8312975264031 -4.620420162683632 13.264142533430311 -0.7360693227914487
Obstacle 4.016839041042813 4.035319748976618 5.0246982085611425 104.28194846710697 -1.5032126558553018 14.125730687538113 -0.7559457322700448
Obstacle 7.3355036846747925 5.213616683285767 7.215746163517277 111.09308515961688 2.7751817037437583 14.659182430657237 -0.8895323006060964
Obstacle 6.855836814814598 6.476778086330182 13.601460519060588 120.37826261030173 29.566304213690508 10.497499213491803 -0.6843940506306674
Dust 1.3162985929640567 4.870139638659336 4.597817528418445 4.488687662868829 0.9550506761257314 0.6791437441063082 0.25373530962530544
Dust 2.112592309795688 3.8791997411522035 5.967056300364499 12.58295763077848 -3.5312781719911115 2.5522069521866015 -0.6936528606245772
Dust 0.8214690089225769 1.8983300924301147 2.3476815223693848 5.281449794769287 2.332170009613037 0.5271265208721161 0.0
Dust 0.08735096454620361 0.23063001036643982 0.24286270141601562 11.530742645263672 -0.5220149755477905 1.7385034561157227 0.0
Dust 0.44416093826293945 0.5586138963699341 0.46121978759765625 11.428051948547363 -1.9648480415344238 2.3047304153442383 0.0
Dust 0.2697709798812866 0.6451140642166138 0.7341749668121338 3.251434326171875 -1.162282943725586 0.6163114905357361 0.0
Dust 0.5322139263153076 0.8235549926757812 0.4848461151123047 10.93044376373291 -3.7213234901428223 2.378303050994873 0.0
Dust 0.10629796981811523 0.18229389190673828 0.1726665496826172 13.598310470581055 -6.2320990562438965 2.9784960746765137 0.0