Stone 0.6600656148654738 0.8282118690548653 0.666078745014086 28.52041922384751 21.122235230885508 -2.389967192567264 -0.11378712431442195
Stone 0.6 0.6 0.6 21.315929453115814 21.575610879991473 -2.740000000000001 -0.11378712431442554
Stone 0.44609637991851725 0.6 0.6 23.597712502591094 10.518666453933292 -2.643757144897664 -0.11378712431442554
Car 1.977082073688507 2.3041729032160077 5.2576929525810385 2.400229562431189 -3.8469828817195473 -2.355767062902451 -2.5765423082566286
Dust 3.0735560891041125 3.797952534643053 12.823586900724031 10.263584052760443 0.43226374641737914 -1.7468897499479423 -2.6422248103196853
Dust 2.4208539252724126 7.040309535486093 4.983815707133433 20.90429359070984 5.9482291554276125 -1.4637030750446796 -2.649148324606378
Dust 2.5266937250142982 2.9997462211742096 2.3940214108071203 26.58546598230382 5.334799691226774 -1.0627817578119192 2.8724387600578956
Dust 4.5201780796051025 3.521211949341703 3.3014016143211187 30.683156866747037 4.280662830148702 -0.06067996207405538 2.8724387600578956
Dust 3.1557050347328186 2.261283227317387 3.913466080128451 35.10162744839823 3.516050551765522 -0.3588636428117757 2.8724387600578956
Dust 2.874129056930542 8.098284721374512 11.737741470336914 10.57410717010498 0.9995325803756714 -1.847143530845642 0.0
Dust 2.411628007888794 2.0181641578674316 3.1011581420898438 34.93169021606445 3.257578134536743 -0.5232950448989868 0.0
Dust 2.4514830112457275 3.192013740539551 1.6680355072021484 30.004257202148438 4.210206985473633 -0.9231644868850708 0.0
Dust 0.08073210716247559 3.0254852771759033 2.028718948364258 23.668766021728516 4.616422653198242 -2.633305072784424 0.0
Dust 2.160715103149414 2.5077648162841797 1.5966110229492188 26.38562774658203 5.391780376434326 -1.0638935565948486 0.0
Dust 1.6064538955688477 2.0898537635803223 1.1728572845458984 19.225204467773438 5.343459129333496 -1.2766799926757812 0.0
Dust 1.1743599772453308 1.9763984680175781 3.1202354431152344 21.098337173461914 8.114163398742676 -1.9819129407405853 0.0
Dust 0.8159680366516113 0.2909579277038574 0.5801105499267578 31.73745346069336 5.574462890625 1.5335090160369873 0.0
Dust 0.18462097644805908 0.3720850944519043 0.20774269104003906 21.403926849365234 2.9582555294036865 -1.6077065467834473 0.0