Stone 0.5498596581823586 0.64402374670713 0.6148170331514813 43.22559675107655 -15.206055097338753 -1.2903403969747278 -0.2460339083439882
Stone 0.6793052389274136 0.960390096122341 0.7452157819574126 44.6537428190562 -18.400922045787667 -1.2455529249612476 -0.4974188368183842
Stone 0.5986846143216398 0.8253060942907354 0.6420842305887968 43.653133447693094 -18.709426690893604 -1.2961590819014408 -0.49085889883996675
Car 2.487196358973692 2.51716179662646 5.967953600292536 14.232331897813399 9.65703297462041 -1.9674676658027481 2.6824043915534768
Stone 2.1394303442353286 1.8861119636210772 1.342811256049381 81.01692298421233 -9.377723390998247 3.3768625349138635 0.5497787143782142
Stone 1.0144228367143593 1.1707461067211018 0.8924581383634693 18.49379662188072 -13.462590496711876 -2.472954867592502 -0.2879793265790643
Stone 0.8947256323076557 0.8947632446502962 0.8750634945762363 20.35238430858827 -20.583657316018883 -2.084866464453294 -0.7388052020240804
Dust 2.447796608264226 15.486322540628988 6.515560667766796 22.232233443977023 -5.944552492328329 -0.5505133322382728 2.793359580079314
Dust 2.51798322450735 2.0448993231078267 2.833146995436402 2.702995779500393 -1.4901819668339633 -0.26873042812046194 1.2594050072884277
Dust 0.7561889886856079 1.334887981414795 1.1158220767974854 2.3315391540527344 -0.9762829542160034 0.2635805010795593 0.0
Dust 0.9790059924125671 1.3651800155639648 1.1561775207519531 18.175453186035156 -10.297056198120117 -1.0868699550628662 0.0
Dust 0.5660470128059387 1.1671209335327148 0.7770538330078125 26.03076934814453 -1.063889503479004 0.2282315194606781 0.0