Stone 0.5498596581823586 0.64402374670713 0.6148170331514813 37.43844948277683 -18.71865240974057 -2.167855831628012 -0.2460339083439882
Stone 0.6793052389274136 0.960390096122341 0.7452157819574126 38.758330015690035 -21.953321359330857 -1.9656457153748212 -0.4974188368183843
Stone 0.46514834588425524 1.014408337845242 0.8665030820426665 30.048767730562076 -29.152416517466463 -2.287095430480012 -0.2460339083439882
Stone 0.5498596581823586 0.64402374670713 0.6148170331514813 32.200343052852986 -30.14227835020256 -2.12252249829465 -0.2460339083439882
Stone 0.6431855722368238 0.7062410227434401 0.6472392822128488 29.18476140202415 -33.753413093346126 -2.066526207934083 -0.2460339083439882
Stone 0.5965226152095913 0.846229893825138 0.6148170331514813 37.17219424694122 -25.203696386935917 -1.9991910197810336 -0.2460339083439882
Stone 0.581408293636652 0.8488698784419682 0.7670831210548372 38.444502117747106 -24.26673345811787 -1.9423024995765807 -0.32457372468373274
Stone 0.6609085665530372 0.7529039797706728 0.7002723897366262 49.13019688714303 -21.26991338718051 -1.5115953962534259 -0.2460339083439882
Stone 0.5986846143216398 0.8253060942907354 0.6420842305887968 37.63381856502019 -22.182251821721366 -2.049543853426801 -0.49085889883996675
Car 2.487196358973692 2.51716179662646 5.967953600292536 20.254681394503574 -11.491034980948239 -1.9387379266027178 -2.869212207200428
Stone 0.42823866065635324 1.6076889465805129 0.9237032561024952 31.13916910517719 6.552234927546692 -2.447310064174206 -0.5350686104895175
Stone 2.1394303442353286 1.8861119636210772 1.342811256049381 75.6050588643509 -15.759624446181078 1.542007136937531 0.549778714378214
Dust 4.633764075052795 9.207126355461439 5.51142787492957 4.699583849079248 0.3148863000676222 -0.5355957362517143 3.115412714809878
Dust 4.746561656570697 5.029467082054065 7.735390063134558 11.448439909201124 4.674678593538477 -0.3096545518343387 0.032014800663139054
Dust 1.8953717515358552 2.6834817896443823 5.6647088962142345 17.157513782186772 -0.18538200290110796 -0.2704637796176975 -1.701696020694471
Dust 0.5221419930458069 1.71160089969635 0.5712604522705078 17.339675903320312 -1.6952145099639893 -0.12983301281929016 0.0
Dust 1.1945760250091553 2.286298990249634 1.2058296203613281 17.184253692626953 1.3859285116195679 -0.3174999952316284 0.0
Dust 4.554978370666504 3.9645822048187256 6.662995338439941 11.97479248046875 4.816938877105713 -0.21606600284576416 0.0
Dust 2.7466330230236053 4.959803938865662 5.0123796463012695 4.77057409286499 0.15568608045578003 0.3566324859857559 0.0
Dust 0.4230949878692627 0.4914278984069824 0.5461406707763672 6.16058349609375 4.347264289855957 -2.3514623641967773 0.0
Dust 0.11273205280303955 0.19736099243164062 0.3157505989074707 5.694072723388672 -3.7341744899749756 1.2368309497833252 0.0