Stone 0.8797284704386017 0.9325734115442679 1.2184744691204688 35.54860799356665 32.48792343680825 -1.8100444448522335 0.28813651018963893
Obstacle 1.2498647881736387 0.8072173671726093 0.8322040907653508 16.868670478373133 -3.886327078238992 -2.338108449756925 -0.07688599335631781
Dust 4.060396508903867 3.6463630666952342 10.803112050501163 45.877427434397596 -7.443576218430747 0.9381508250640916 3.056211494183932
Dust 4.5854767004781785 6.772116616019202 6.521103174934467 26.584353640093365 -2.022624801958495 0.6329758637033199 2.7663468644110125
Dust 4.028949867523168 5.703888294661528 11.946282925860563 8.670805360750203 2.101220537998822 -1.4753767566732974 2.9598324241016356
Stone 0.40033733761080414 0.4081492202682925 0.42724299578402813 16.774624337499652 -10.096454133659302 -2.5567086746987604 -0.03410428640875527
Dust 0.6455450057983398 1.5553884506225586 2.6613311767578125 43.86690139770508 -7.4336771965026855 -0.2861825227737427 0.0
Dust 4.435096740722656 4.419563293457031 2.7019824981689453 25.166385650634766 -2.079319477081299 0.6054524779319763 0.0
Dust 3.6392199993133545 6.214036196470261 9.059309482574463 7.383370637893677 2.117399111390114 -1.4218419790267944 0.0
Dust 1.56864595413208 1.8133989572525024 2.5355911254882812 29.222307205200195 -0.7827335000038147 0.2887920141220093 0.0
Dust 1.0008280277252197 1.2791560888290405 0.7825603485107422 14.168010711669922 1.4864490032196045 -0.7063440084457397 0.0
Dust 0.2270750105381012 0.08425699174404144 0.15233230590820312 13.40228271484375 -0.12473549693822861 0.035681504756212234 0.0
Dust 1.9579808712005615 1.9264588356018066 2.6247825622558594 48.753257751464844 -8.112180709838867 1.4155324697494507 0.0