Stone 0.5498596581823586 0.64402374670713 0.6148170331514813 37.47717214440763 -18.5483725341428 -2.0758558316279845 -0.2460339083439882
Stone 0.6793052389274136 0.960390096122341 0.7452157819574126 38.73133385250556 -21.938663638662547 -1.9656457153748212 -0.4974188368183843
Stone 0.46514834588425524 1.014408337845242 0.8665030820426665 30.032836445116942 -29.066033589283506 -2.287095430480012 -0.2460339083439882
Stone 0.5498596581823586 0.64402374670713 0.6148170331514813 32.200343052845255 -30.14227835019483 -2.12252249829465 -0.2460339083439882
Stone 0.6431855722368238 0.7062410227434401 0.6472392822128488 29.1586522092201 -33.72827731590314 -2.0958595412674175 -0.2460339083439882
Stone 0.5965226152095913 0.846229893825138 0.6148170331514813 37.17219424694122 -25.203696386935917 -1.9991910197810336 -0.2460339083439882
Stone 0.581408293636652 0.8488698784419682 0.7670831210548372 38.444502117747106 -24.2667334581256 -1.9423024995765807 -0.3245737246837331
Stone 0.6609085665530372 0.7529039797706728 0.7002723897366262 49.20230817194101 -21.216692714877354 -1.5218618500705208 -0.2460339083439882
Stone 0.5986846143216398 0.8253060942907354 0.6420842305887968 37.63381856502019 -22.182251821721366 -2.049543853426801 -0.49085889883996675
Car 2.487196358973692 2.51716179662646 5.967953600292536 18.407542126283584 2.1922264935327775 -2.035196094506226 0.2518203681842884
Stone 0.42823866065635324 1.6076889465805129 0.9237032561024952 31.13916910517581 6.552234927547943 -2.447310064174206 -0.5350686104895175
Stone 2.1394303442353286 1.8861119636210772 1.342811256049381 75.60505886435112 -15.759624446181078 1.542007136937531 0.5497787143782142
Dust 2.766453162390329 6.424204335682636 3.981186448257984 8.031721046264346 -5.630817884108116 -1.385274373313616 0.5061454830783559
Dust 1.2696464368992832 4.463692042123214 6.4554883907824 12.818402972589245 -1.172951730457554 -2.2923901332768892 0.26179938779914985
Dust 2.968721926212311 9.023904025554657 10.320825815200806 10.595289587974548 -2.8251189291477203 -1.576054960489273 0.0