Car 2.3171420069304887 2.481154314443436 5.092357121835056 28.106860706777297 -10.838570683348259 -3.3700571506796764 -0.7026586485450913
Obstacle 3.070847799073035 0.8156996274127509 0.9475910074497165 8.574193678030952 4.398826471158394 -1.1813675805755484 -0.31706998319322655
Obstacle 2.0403656499504534 0.8234688762419853 1.1674365280021697 12.798965761509601 3.2596877210955597 -1.880189108089899 -0.14253705799379146
Obstacle 1.987142229038152 0.5373047545618712 1.3056559472639462 12.399796656724668 -6.953718855431831 -1.4136668694645702 -0.06298731923470621
Obstacle 1.9159812065879887 0.9461798043316993 0.7038959612785501 13.826197192602649 -8.077759039391516 -1.6304930597499654 -0.014544410433285944
Obstacle 2.9082445735864457 0.9788040594965648 1.3953013604536701 21.418770516299446 3.7949463609112777 -0.7365900494226051 -0.08149166593912827
Obstacle 3.2760757447843885 1.667188479693837 1.2498503048410008 22.47313480878097 -10.217180603286977 -1.9703382253475359 2.652900463031381
Obstacle 2.5315892225099854 2.108019889068737 1.435526775740027 49.42455082925994 -5.461948752037188 0.32610897909036834 -2.487094184091919
Dust 1.7724057412882288 4.652420924232483 4.426983932339566 3.4963947339710604 -0.8566588529140984 -0.08526160207197697 -0.026179938779915347
Dust 0.646624967455864 0.9914610385894775 1.0941227674484253 2.7703844904899597 -1.1511085033416748 -0.18200049549341202 0.0
Dust 0.17312100529670715 0.2676510810852051 0.17747735977172852 4.877773284912109 -1.3312745094299316 -0.3517494797706604 0.0
Dust 0.2507590055465698 0.19800102710723877 0.28698205947875977 3.190242052078247 0.9418215155601501 0.1194934993982315 0.0