Stone 0.5498596581823586 0.64402374670713 0.6148170331514813 37.51516223259273 -18.593483851763267 -2.095855831627987 -0.2460339083439882
Stone 0.6793052389274136 0.960390096122341 0.7452157819574126 38.745340000240276 -21.94626835640429 -1.9656457153748212 -0.4974188368183843
Stone 0.46514834588425524 1.014408337845242 0.8665030820426665 30.105778495661298 -29.143978286702804 -2.287095430480012 -0.2460339083439882
Stone 0.5498596581823586 0.64402374670713 0.6148170331514813 32.200343052845255 -30.14227835019483 -2.12252249829465 -0.2460339083439882
Stone 0.6431855722368238 0.7062410227434401 0.6472392822128488 29.18435484532415 -33.781662305713326 -2.0958595412674175 -0.2460339083439882
Stone 0.5965226152095913 0.846229893825138 0.6148170331514813 37.17219424694122 -25.203696386935917 -1.9991910197810336 -0.2460339083439882
Stone 0.581408293636652 0.8488698784419682 0.7670831210548372 38.444502117747106 -24.2667334581256 -1.9423024995765807 -0.3245737246837331
Stone 0.6609085665530372 0.7529039797706728 0.7002723897366262 49.20987452838153 -21.25310499571242 -1.5311230217201426 -0.2460339083439882
Stone 0.5986846143216398 0.8253060942907354 0.6420842305887968 37.63381856502019 -22.182251821721366 -2.049543853426801 -0.49085889883996675
Car 2.487196358973692 2.51716179662646 5.967953600292536 34.86507622953229 -12.431178337001914 -1.5605109670958313 -2.390650496070607
Stone 0.42823866065635324 1.6076889465805129 0.9237032561024952 31.13916910517628 6.552234927547943 -2.447310064174206 -0.5350686104895175
Stone 2.1394303442353286 1.8861119636210772 1.342811256049381 75.60505886435112 -15.759624446181078 1.542007136937531 0.5497787143782142
Dust 3.931134501369 2.844248313982061 15.10425873856054 9.732419655798845 -3.2047234730111365 0.8934986172767709 2.842911337147962
Dust 1.450016975402832 2.210817813873291 3.4421401023864746 4.758353233337402 -1.8403739929199219 0.35377252101898193 0.0
Dust 0.37124109268188477 1.0072531700134277 1.8702783584594727 15.296979904174805 -5.6021833419799805 1.8802225589752197 0.0
Dust 0.5833770036697388 0.5807790756225586 1.8343467712402344 8.382834434509277 -3.4633824825286865 1.095935583114624 0.0