Car 2.3171420069304887 2.481154314443436 5.079352959776563 27.161183037125852 -11.697345195018897 -4.057475946069057 -0.7066401809012031
Obstacle 3.070847799073035 0.8156996274127509 0.9475910074497165 4.849223614958765 4.853254375453929 -1.4691955857428312 -0.3170699831932267
Obstacle 2.0403656499504534 0.8234688762419853 1.1674365280021697 9.146256925578763 3.960210451135702 -2.1301339002088286 -0.08799551886896867
Obstacle 1.987142229038152 0.5373047545618712 1.3056559472639462 9.154908154496054 -6.359464525235143 -1.6890813662946218 0.013832495731726124
Obstacle 1.9159812065879887 0.9461798043316993 0.7038959612785501 10.543216940908906 -7.469061739806875 -1.7225384872478224 0.06508623668895533
Obstacle 2.9082445735864457 0.9788040594965648 1.3953013604536701 17.663316638821765 4.778048219776852 -0.9088818358314754 -0.08149166593912827
Obstacle 3.476158228591754 1.747221473216783 1.2498503048410008 19.289047422760405 -9.22257512818419 -2.062177675117 2.652900463031381
Obstacle 2.5315892225099854 2.108019889068737 1.5429410632470661 46.1110515476031 -3.756315013139101 0.1843399826298092 -2.487094184091919
Dust 1.6923774500952602 2.5793488787533607 4.126581614638637 3.61726832322187 0.49349420228904806 0.227291971657402 -0.026179938779915347
Dust 0.4249510169029236 0.9707249402999878 0.6458761692047119 2.533398151397705 0.5131585001945496 0.339306503534317 0.0
Dust 0.39946597814559937 0.8265819549560547 0.46360015869140625 5.074810028076172 1.1385669708251953 0.43396398425102234 0.0