Car 2.403513016040662 2.329266415373974 5.423071885990208 36.141658424700466 6.530990834515723 -1.1462615849671227 -0.23836207943964247
Dust 4.765072253371772 12.765285892296982 12.94858252222137 25.20695914677295 -1.6426796694042516 0.9272114703736767 0.48224640308568
Stone 1.0039109959366834 0.8641604846030516 1.098222299105713 41.39091988097296 -17.852160900035905 -1.4244397795609318 0.3216802278625289
Stone 1.424863413994646 0.9099583870279258 1.0977233731002627 41.18202156141538 -9.595711240375136 -1.3219405388049248 -0.048013413876222856
Dust 0.06247900426387787 0.6932160258293152 0.6120395660400391 25.000301361083984 -0.29107901453971863 0.053493499755859375 0.0
Dust 1.8674728870391846 1.1435470581054688 1.7063579559326172 22.650657653808594 0.7600895166397095 -0.395189493894577 0.0
Dust 0.41895198822021484 1.4126429557800293 0.7714042663574219 26.844371795654297 1.880589485168457 -0.0028829947113990784 0.0
Dust 0.26117798686027527 0.5074822902679443 0.25267601013183594 28.161575317382812 3.998868942260742 -0.09078200161457062 0.0
Dust 0.27865099906921387 0.3675880432128906 0.23413848876953125 29.10125732421875 2.5692789554595947 1.1690804958343506 0.0
Dust 0.5302178859710693 0.67399001121521 1.9255447387695312 22.346534729003906 -2.8985018730163574 2.559141159057617 0.0
Dust 0.10797786712646484 0.2967262268066406 0.6738090515136719 24.2244873046875 -7.416565895080566 2.4850449562072754 0.0
Dust 0.9388508796691895 0.18605422973632812 0.7945270538330078 22.616416931152344 -7.2567338943481445 2.7232375144958496 0.0