Car 2.335327930212469 2.1816045440668606 5.055309684682115 13.893952579861889 -3.963613562464161 -2.0909524562887833 -2.462502287604658
Dust 6.831921815872192 12.86616914423584 17.90838679908244 11.72661263866318 -2.0794054117453893 3.4459788066594914 0.35527008835644347
Dust 2.6500467442666977 5.242284915824618 4.270259153369998 8.247136037889577 -0.28438861757341805 -1.0208036055359528 1.5165412935957798
Stone 0.6629401539347071 0.8872464597066381 0.9092742416462011 20.103951234656392 -9.955156881318317 -2.748649968915175 -0.6544984694978737
Stone 0.9165438270964023 0.9018743873222911 1.0618426861809573 20.20242834283139 -18.25438737560297 -2.2268509233130636 0.3047182240844344
Stone 0.48374540531904114 0.5053593800540052 0.7826425428593495 42.70162840780704 -12.621600413138582 -1.8281891588041899 0.3667498134714773
Stone 0.4443881500506317 0.7200872788278028 0.9949293801298903 43.02247839096231 -16.17865839093526 -1.6869237842446294 1.1422120700067049
Stone 0.6188453114729996 0.6219297007190021 0.7997822882907639 44.125817952978174 -15.719193345277926 -1.6565813815659032 1.335176877775662
Obstacle 2.862348653445084 1.870605294594673 2.139709477619306 80.62094988551101 -5.893378502426002 1.621137102067563 0.445058959258554
Dust 4.460326790809631 8.073501586914062 10.208673477172852 13.536896705627441 -1.7769320011138916 1.9604904055595398 0.0
Dust 0.4537699818611145 1.6623828411102295 0.6582159996032715 5.842205047607422 -4.256507396697998 0.8395650386810303 0.0