Car 2.5516276696412654 2.1816045440668606 5.055309684682115 27.620448710777058 4.677007837187479 -2.116106994405312 -1.140097623181229
Dust 6.831921815872192 11.835527037366521 14.778803752467658 17.666634550807355 0.8396874594770907 1.5572201936638588 0.3232723854032141
Dust 3.1378551918554383 6.5890963573732115 4.270259153369998 18.532485203050598 3.2958700243297967 -0.6929148638320929 1.5165412935957798
Stone 0.9005523153975492 0.9621505997547145 0.9092742416462011 30.355001921723694 -7.240578268406487 -2.3528938171148854 -0.6544984694978737
Stone 0.9226886939344427 0.9018743873222911 1.1596620085854188 31.44094595409125 -15.694202814597606 -1.7806153438529573 0.3047182240844344
Stone 0.4850337731486719 0.8217013365729032 0.9949293801298903 54.221146575170444 -11.324366763880587 -1.3444977107643452 1.1422120700067049
Stone 0.9091134834904829 0.6835909073655321 0.9806904654547391 55.13316691226341 -10.84132237671298 -1.2625240281323478 1.335176877775662
Stone 0.6297821352849321 0.8923427910707943 0.8218953157969677 19.6442669730378 -15.503441091079615 -2.4737075953867986 1.7540558982543015
Obstacle 2.862348653445084 1.870605294594673 2.139709477619306 89.92514642503149 2.051683518533581 1.5577367108641307 0.445058959258554
Dust 4.466154932975769 5.4760139882564545 10.392733097076416 18.44284701347351 2.3708259612321854 0.703090488910675 0.0
Dust 3.04040789604187 3.4819834232330322 6.258998870849609 14.964132308959961 -3.3005796670913696 2.2240898609161377 0.0