Stone 0.5498596581823586 0.64402374670713 0.6148170331514813 44.3871442195707 -14.46230461696041 -1.4826641110151526 -0.2460339083439882
Stone 0.6793052389274136 0.960390096122341 0.7452157819574126 46.06040243117649 -17.741077923176956 -1.2884386614900567 -0.4974188368183842
Stone 0.5986846143216398 0.8253060942907354 0.6420842305887968 45.00507368893404 -17.995020489056564 -1.3500085830312316 -0.49085889883996675
Car 2.487196358973692 2.51716179662646 5.967953600292536 16.579688712738545 9.403867971618881 -1.836889856956629 2.4521875990520323
Stone 2.1394303442353286 1.8861119636210772 1.342811256049381 82.13373330074535 -8.09941493090109 2.1792675719325745 0.5497787143782142
Stone 1.0144228367143593 1.1707461067211018 0.8924581383634693 19.88564940519926 -13.100899790197136 -2.472954867592502 -0.2879793265790642
Stone 0.8947256323076557 0.8947632446502962 0.8750634945762363 21.808636190247803 -20.16723019351906 -2.204866464453294 -0.7388052020240805
Dust 3.465093380143193 18.33267547910177 6.87600676153666 22.72754266737405 -3.4279277835155004 0.0012835568671467623 2.8325012477377944
Dust 1.1763591344238515 1.7242158701642538 3.6232247011182035 2.799059500815091 -0.6683828081780996 0.04083444824949771 1.2594050072884277
Dust 0.9579359889030457 0.7044334411621094 0.6005153656005859 18.159942626953125 -10.488137245178223 -1.1835219860076904 0.0
Dust 0.3867029845714569 1.624756932258606 0.6824779510498047 25.981861114501953 -0.6355904936790466 -0.1847655028104782 0.0
Dust 0.27643299102783203 0.1992340087890625 0.3293037414550781 24.675086975097656 3.51898193359375 -0.24727851152420044 0.0
Dust 0.10843600332736969 0.26769500970840454 0.23784589767456055 2.7072720527648926 0.7019175291061401 0.08714000135660172 0.0
Dust 0.14862999320030212 0.2968219816684723 0.17574191093444824 2.1931118965148926 -0.6176210045814514 0.3862389922142029 0.0