Stone 0.5498596581823586 0.64402374670713 0.6148170331514813 37.52133601037099 -18.603798136417936 -2.1011891649613217 -0.2460339083439882
Stone 0.6793052389274136 0.960390096122341 0.7452157819574126 38.745944187005534 -21.946596403052354 -1.9656457153748212 -0.4974188368183843
Stone 0.46514834588425524 1.014408337845242 0.8665030820426665 30.119040686669223 -29.15815004986962 -2.287095430480012 -0.2460339083439882
Stone 0.5498596581823586 0.64402374670713 0.6148170331514813 32.200343052845255 -30.14227835019483 -2.12252249829465 -0.2460339083439882
Stone 0.6431855722368238 0.7062410227434401 0.6472392822128488 29.1890280518885 -33.7913686674965 -2.0958595412674175 -0.2460339083439882
Stone 0.5965226152095913 0.846229893825138 0.6148170331514813 37.17219424694122 -25.203696386935917 -1.9991910197810336 -0.2460339083439882
Stone 0.581408293636652 0.8488698784419682 0.7670831210548372 38.444502117747106 -24.2667334581256 -1.9423024995765807 -0.3245737246837331
Stone 0.6609085665530372 0.7529039797706728 0.7002723897366262 49.20734062947622 -21.275293970506937 -1.5328068711109832 -0.2460339083439882
Stone 0.5986846143216398 0.8253060942907354 0.6420842305887968 37.63381856502019 -22.182251821721366 -2.049543853426801 -0.49085889883996675
Car 2.487196358973692 2.51716179662646 5.967953600292536 30.087246476402925 -13.499545034064818 -1.620842428356136 3.140053397095658
Stone 0.42823866065635324 1.6076889465805129 0.9237032561024952 31.13916910517628 6.552234927547943 -2.447310064174206 -0.5350686104895175
Stone 2.1394303442353286 1.8861119636210772 1.342811256049381 75.60505886435112 -15.759624446181078 1.542007136937531 0.5497787143782142
Dust 1.9064053431846826 2.3942387705145616 3.681213931569419 4.84907323248414 -1.3143646034868506 0.4650001730941361 2.9284422491177455
Dust 1.0652368174117632 1.2804344520428401 1.0210370626741418 18.218496023184045 -7.923130287800032 2.1730710154477246 -2.644173816771409
Dust 1.468151032924652 1.7166008949279785 3.5047032833099365 4.883698463439941 -1.3594274520874023 0.40937450528144836 0.0
Dust 0.11432909965515137 0.06627511978149414 0.28050994873046875 18.03687286376953 -7.624749183654785 2.2121243476867676 0.0