Dust 10.51880828146184 10.3949785393831 14.864482184360224 39.909414242447035 8.251886337331008 3.61795344192028 0.10471975511965961
Dust 11.915420133831953 22.00355296007638 33.567544301742934 18.20251690255514 -4.134413654706019 2.4328303632719104 0.23561944901923432
Dust 4.707176119089127 9.761104702949524 7.80086350440979 9.700830340385437 -4.761417329311371 -1.4000961035490036 0.0
Dust 1.2723709717392921 1.1391472816467285 2.306547164916992 5.400538444519043 -4.845814228057861 -0.49131349846720695 0.0
Dust 10.779936075210571 22.533266067504883 18.25513458251953 25.59189224243164 -2.1223154067993164 2.4235419034957886 0.0
Dust 0.07287907600402832 0.03449296951293945 0.17824172973632812 3.962812900543213 -1.3669785261154175 -1.7576065063476562 0.0
Dust 0.423164963722229 1.3609862327575684 0.8881912231445312 35.43768310546875 5.273690223693848 -0.8946464657783508 0.0
Dust 0.2246708869934082 0.08217787742614746 0.34937000274658203 14.557828903198242 2.338028907775879 -2.8603785037994385 0.0
Dust 2.16549015045166 2.9240708351135254 2.9905548095703125 33.55646896362305 11.417581796646118 -0.7726050019264221 0.0
Dust 0.6868709921836853 0.8690824508666992 0.9641838073730469 36.418487548828125 11.021610260009766 -0.08464550971984863 0.0
Dust 6.773033142089844 8.361342668533325 2.8633460998535156 44.629167556762695 9.112882018089294 4.44394063949585 0.0