Car 2.3171420069304887 2.481154314443436 5.040340473601085 32.266343086942676 -10.753984108104351 -1.811779151018922 -0.7068583470577033
Obstacle 3.070847799073035 0.8156996274127509 0.9475910074497165 19.974053941519514 1.8781365286739629 -0.7536240725629992 -0.31706998319322616
Obstacle 2.0403656499504534 0.8234688762419853 1.1674365280021697 23.908515452228666 0.28705263005045206 -1.1915657012316225 -0.22980352059350795
Obstacle 3.0597764972761423 0.86443123002157 1.0123207446112632 9.179409140974712 -7.477133665260567 -0.590372559047176 -0.2385301668534801
Obstacle 1.987142229038152 0.5373047545618712 1.3056559472639462 22.18115745876977 -9.934331792435387 -0.828153986951871 -0.20708217982072738
Obstacle 1.9159812065879887 0.9461798043316993 0.7038959612785501 23.462658951357298 -11.232324602913195 -1.0316294910053219 -0.04363323129985811
Obstacle 2.9082445735864457 0.9788040594965648 1.3953013604536701 32.69023067377043 -0.30547471559032147 -0.005672951170671552 -0.08149166593912827
Obstacle 3.0759932609770235 1.587155486170891 1.2498503048410008 32.068063028169156 -14.546968885401661 -0.9004567006622703 2.652900463031381
Obstacle 2.5315892225099854 2.108019889068737 1.3818196319865075 59.264821960550876 -13.484067207810881 1.4109065737747963 -2.5481807079117207
Dust 1.4874389545081712 4.814349986612025 2.2515712199525213 2.39716730937449 0.12110034489405255 0.43397569405311626 -0.026179938779915347
Dust 0.7183959782123566 1.4987460374832153 0.599200963973999 2.526495575904846 0.9575279951095581 0.14665399491786957 0.0
Dust 0.5291720628738403 0.12003755569458008 0.16729164123535156 5.631371021270752 5.01663875579834 -1.955881118774414 0.0
Dust 0.07335600256919861 0.1158829927444458 0.10416793823242188 2.571707010269165 -0.6609395146369934 0.41048699617385864 0.0
Dust 0.1748420000076294 0.12441396713256836 0.2484220266342163 1.8302021026611328 -1.5995169878005981 0.23337000608444214 0.0