Truck 5.170358308802778 3.9468080005671515 9.952874880990938 18.419685017313302 -10.591554771872168 2.442778841534151 -0.7181279499915835
Obstacle 6.479067769615332 1.4542222977556554 2.017368362498952 82.74951127770616 -26.31697240305933 17.864571919932125 -0.4450589592585543
Obstacle 3.1161040114640315 4.14254930800351 3.8583599497976904 98.60690863113463 5.252449751039855 12.383337200834532 -0.6640744911466824
Obstacle 4.016839041042813 4.035319748976618 5.0246982085611425 102.14856010315499 8.65166470738351 13.276735751562969 -0.6850417314077748
Obstacle 7.110435165195829 5.213616683285767 9.466431358306906 107.43124911675494 14.108975633251525 13.53283033779804 -0.8352836096651027
Obstacle 6.855836814814598 6.476778086330182 13.601460519060588 115.5624261659226 41.320548934042755 9.598694687379737 -0.5977752688080581
Obstacle 1.499841050086574 4.43715597173555 1.6265870616493918 80.76533791580582 6.294579319778395 9.192073582080058 -0.050136106271850125
Dust 1.386720551061896 4.100732531748665 4.597817528418445 3.685152623101337 1.8092278131576238 0.5057804295398624 0.36709910410286195
Dust 1.9872597067201137 3.116298455329106 6.403416823214022 12.097450642605017 -2.145980902194183 2.0951448270359774 -0.6129313827198395
Dust 0.8509389758110046 2.461199998855591 2.776705741882324 4.452754974365234 2.1387689113616943 0.4084034860134125 0.0
Dust 1.1973339319229126 2.061579942703247 1.1634902954101562 10.133291244506836 -0.4171629846096039 1.870331048965454 0.0
Dust 0.19276997447013855 0.16405701637268066 0.4899439811706543 2.5169880390167236 -0.4490154981613159 0.38904398679733276 0.0
Dust 0.03170895576477051 0.24150896072387695 0.19457054138183594 13.585670471191406 -4.701885223388672 2.708449363708496 0.0