Obstacle 1.2658444012467998 0.8072173671726093 0.9028210395933036 54.75486831394723 4.743326551567468 1.2891421875925244 -0.07688599335631793
Dust 5.231693031660641 11.842061683499253 8.384550442308425 6.146746768651166 -1.9455415328414116 0.5289269855649127 0.24984751845820205
Dust 4.294409714972506 4.15169063942027 21.70459424400058 23.12943705913892 -3.476959075397298 1.9565419192782154 0.09216762822121789
Obstacle 1.3997738564496771 0.7825295672326695 0.6513643459262873 22.797256821650684 4.765518032121767 -1.2572217898926363 -0.2594156687403045
Dust 1.9984359741210938 5.383086144924164 2.988680601119995 3.154831290245056 -0.7135420143604279 0.028041034936904907 0.0
Dust 0.30396103858947754 0.43233799934387207 0.8513288497924805 5.9774675369262695 -2.987934112548828 -1.6126644611358643 0.0
Dust 2.1011760234832764 2.1744582653045654 2.3314857482910156 14.094121932983398 -3.3634719848632812 0.9616049528121948 0.0
Dust 3.800413966178894 2.1048998832702637 3.1127405166625977 17.59331464767456 -3.894134044647217 1.8969640135765076 0.0
Dust 1.283505916595459 2.320152997970581 1.5462360382080078 31.48055648803711 -2.277073383331299 1.2475550174713135 0.0
Dust 1.4532978534698486 1.2200639247894287 1.6115589141845703 28.614402770996094 -3.3681111335754395 1.501217007637024 0.0
Dust 0.5349990129470825 1.010897159576416 0.9473037719726562 24.084014892578125 -3.3702595233917236 0.8090454936027527 0.0
Dust 0.15926504135131836 0.20363712310791016 0.2539806365966797 32.04069900512695 -4.284931659698486 2.4401795864105225 0.0
Dust 0.1436220407485962 0.15016889572143555 0.28658294677734375 20.81254005432129 -5.505307197570801 1.7355079650878906 0.0
Dust 2.511363998055458 3.190710425376892 1.3407306671142578 9.383671760559082 -4.74198442697525 1.1765119954943657 0.0