Stone 0.5498596581823586 0.64402374670713 0.6148170331514813 37.52029215927132 -18.673647333800545 -2.143855831627997 -0.2460339083439882
Stone 0.6793052389274136 0.960390096122341 0.7452157819574126 38.7507776811276 -21.949220776233233 -1.9656457153748212 -0.4974188368183843
Stone 0.46514834588425524 1.014408337845242 0.8665030820426665 30.044434972494855 -29.208274171285666 -2.287095430480012 -0.2460339083439882
Stone 0.5498596581823586 0.64402374670713 0.6148170331514813 32.200343052847074 -30.142278350196648 -2.12252249829465 -0.2460339083439882
Stone 0.6431855722368238 0.7062410227434401 0.6472392822128488 29.16146141697982 -33.73664198936967 -2.0438595412674174 -0.2460339083439882
Stone 0.5965226152095913 0.846229893825138 0.6148170331514813 37.17219424694122 -25.203696386935917 -1.9991910197810336 -0.2460339083439882
Stone 0.581408293636652 0.8488698784419682 0.7670831210548372 38.444502117747106 -24.26673345812378 -1.9423024995765807 -0.32457372468373297
Stone 0.6609085665530372 0.7529039797706728 0.7002723897366262 49.145286683729864 -21.334523148804692 -1.546277666237708 -0.2460339083439882
Stone 0.5986846143216398 0.8253060942907354 0.6420842305887968 37.63381856502019 -22.182251821721366 -2.049543853426801 -0.49085889883996675
Stone 0.42823866065635324 1.6076889465805129 0.9237032561024952 31.13916910517719 6.552234927547033 -2.447310064174206 -0.5350686104895175
Stone 2.1394303442353286 1.8861119636210772 1.342811256049381 75.60505886435112 -15.759624446181078 1.542007136937531 0.5497787143782142
Dust 3.9392448349398927 5.921794320298759 19.83604475354328 11.483785678067207 -2.4867832524197335 1.3367738081008653 3.115412714809878
Dust 0.40191197395324707 0.7813799977302551 0.8647956848144531 20.573230743408203 -0.4256739914417267 1.8731249570846558 0.0
Dust 0.3888409733772278 0.5734419822692871 2.4260623455047607 3.96793794631958 -0.8137819766998291 0.33941850066185 0.0
Dust 0.41291797161102295 1.1617190837860107 1.6864757537841797 13.721115112304688 -3.988574504852295 1.733349084854126 0.0