Stone 0.5498596581823586 0.64402374670713 0.6148170331514813 37.512075343703145 -18.588326709435705 -2.0931891649613203 -0.2460339083439882
Stone 0.6793052389274136 0.960390096122341 0.7452157819574126 38.74503790685776 -21.946104333080484 -1.9656457153748212 -0.4974188368183843
Stone 0.46514834588425524 1.014408337845242 0.8665030820426665 30.099147400157563 -29.13689240511917 -2.287095430480012 -0.2460339083439882
Stone 0.5498596581823586 0.64402374670713 0.6148170331514813 32.20034305284571 -30.142278350195284 -2.12252249829465 -0.2460339083439882
Stone 0.6431855722368238 0.7062410227434401 0.6472392822128488 29.182018242041522 -33.77680912482117 -2.0958595412674175 -0.2460339083439882
Stone 0.5965226152095913 0.846229893825138 0.6148170331514813 37.17219424694122 -25.203696386935917 -1.9991910197810336 -0.2460339083439882
Stone 0.581408293636652 0.8488698784419682 0.7670831210548372 38.444502117747106 -24.266733458125145 -1.9423024995765807 -0.3245737246837331
Stone 0.6609085665530372 0.7529039797706728 0.7002723897366262 49.211141477833735 -21.242010508314706 -1.5302810970247225 -0.2460339083439882
Stone 0.5986846143216398 0.8253060942907354 0.6420842305887968 37.63381856502019 -22.182251821721366 -2.049543853426801 -0.49085889883996675
Car 2.487196358973692 2.51716179662646 5.967953600292536 36.8258546697348 -10.609530884952111 -1.5811591730187704 -2.0074340848231857
Stone 0.42823866065635324 1.6076889465805129 0.9237032561024952 31.139169105175824 6.552234927547943 -2.447310064174206 -0.5350686104895175
Stone 2.1394303442353286 1.8861119636210772 1.342811256049381 75.60505886435112 -15.759624446181078 1.542007136937531 0.5497787143782142
Dust 3.9959439594511053 5.2911981428615915 15.10425873856054 9.138840172258952 -3.4222582978765446 0.962705253885833 3.0041239451992805
Dust 1.7944159805774689 3.0529981404542923 5.55956244468689 6.004530310630798 -1.9605310782790184 0.5467400103807449 0.0
Dust 0.9634981155395508 1.7019128799438477 1.883331298828125 14.677319526672363 -5.738840579986572 1.8740320205688477 0.0