Truck 8.700537776265904 9.771738976092369 15.136278998824569 37.28381520349055 10.193077432537393 -0.045625162465192964 0.4403118351364692
Truck 10.044734623933419 10.439880383290443 17.68232272526821 82.31938594936446 35.19129420974059 0.9570425286415143 2.6609945414436944
Engineering 22.401351194129283 14.892641232793665 32.483089152702206 97.54258809114148 46.70798730671618 7.039876570575383 -0.7410691267078118
Stone 1.084773227776514 1.373932709760114 1.4483161825974498 49.9860183320302 41.4546237658692 -3.1147964886721153 -1.4398966328953213
Dust 8.332421614715923 33.22348655588251 49.62407832730769 15.634693111558358 -7.399432759356708 -0.9793717036592309 -1.067175202519064
Dust 3.407905012369156 8.099524736404419 5.760197937488556 4.481602042913437 -1.106499433517456 -0.8712864965200424 0.0
Dust 0.15667301416397095 0.10735130310058594 0.2664957046508789 10.138668060302734 -9.84573745727539 -0.2524755001068115 0.0
Dust 0.8852620124816895 0.7021665573120117 0.7464971542358398 9.121845245361328 -5.7770094871521 -0.8345019817352295 0.0
Dust 1.2866979837417603 1.6787261962890625 1.2490100860595703 23.772769927978516 -12.948637962341309 -2.3774940967559814 0.0
Dust 0.8777289986610413 0.7381477355957031 1.4446907043457031 29.97838592529297 -14.12143611907959 -1.3804905414581299 0.0
Dust 0.21717000007629395 0.2648019790649414 0.2774333953857422 28.461658477783203 -13.865877151489258 -2.315825939178467 0.0
Dust 2.334378957748413 2.0179615020751953 2.2323951721191406 29.946853637695312 -11.153655052185059 -2.1296863555908203 0.0
Dust 0.937221884727478 2.029186725616455 1.092987060546875 30.138702392578125 -7.9957275390625 -2.1228299140930176 0.0
Dust 0.1304950714111328 0.5184230804443359 0.8026065826416016 30.40304183959961 -3.6992344856262207 -2.051548480987549 0.0
Dust 1.981124997138977 2.919687032699585 2.5070934295654297 27.415409088134766 -0.7931705713272095 -1.391148567199707 0.0