Car 2.487196358973692 2.51716179662646 5.967953600292536 81.3771750028493 6.254565368822991 9.970381010961495 0.1052898397257692
Stone 0.7138643773217663 0.7803623649965619 0.8161133775283342 22.050575416005813 -21.37069022134574 -2.5342249193797177 0.1308996938995747
Dust 3.835296221163765 6.346563663724982 6.250423976404992 19.371183801438182 -1.1946893542453791 0.5965285533355271 0.10617803386780562
Dust 3.135434862392833 1.8956144351943682 7.159324596794844 31.254235038592316 -1.1210495854451663 2.3626394620002658 0.10131625695079476
Obstacle 1.3997738564496771 0.7825295672326695 0.6513643459262873 42.37505158655081 3.156063171128649 2.7857187327682578 -0.2594156687403045
Dust 2.4576700587313507 4.9077470936648275 7.018367508220096 40.254249671450445 -0.7895778355868259 4.352071965959821 0.0785398163397451
Dust 2.7861736963881842 4.658691883990919 10.395800671662776 55.698111623768334 0.5757089360608573 5.846867640132007 0.13217126177891805
Dust 3.20138303470358 4.0294504267485936 7.008345017318073 69.1281737745885 4.223185714244437 8.476220434005459 0.31635510895892965
Dust 0.6580754706881791 1.6070981684861794 2.732003971108138 9.557894998282263 -9.399630848237978 -0.03592070805831281 -0.062092067954260276
Dust 0.25123700499534607 0.4117317199707031 0.8133201599121094 9.082721710205078 -9.422362327575684 -0.09460750222206116 0.0
Dust 2.0688869953155518 2.3582780361175537 0.8820705413818359 21.81534194946289 -2.1755380630493164 0.9968544840812683 0.0
Dust 0.04781508445739746 0.19609200954437256 0.4023456573486328 18.017196655273438 1.599674940109253 -1.162508487701416 0.0
Dust 3.223196029663086 2.8444950580596924 5.5447235107421875 69.34469604492188 4.554593563079834 7.65847110748291 0.0
Dust 1.276881217956543 0.4262080192565918 0.5726470947265625 60.0661506652832 2.5971169471740723 5.496366500854492 0.0
Dust 1.4656181335449219 2.3364319801330566 1.7344398498535156 51.57763671875 0.9490549564361572 5.379845142364502 0.0
Dust 0.4575200080871582 1.0530478954315186 1.2112655639648438 42.84328079223633 1.1495460271835327 3.6981279850006104 0.0
Dust 1.1798338890075684 2.5844271183013916 1.041666030883789 17.094406127929688 -0.731629490852356 1.1831070184707642 0.0
Dust 1.1734191179275513 1.2527439594268799 3.0257701873779297 33.068546295166016 -0.7674499750137329 2.317917585372925 0.0
Dust 0.426908016204834 0.7350430488586426 0.7699737548828125 56.96952438354492 -0.9787214994430542 6.840278625488281 0.0
Dust 2.6699789464473724 1.4931159019470215 2.4837169647216797 29.27728271484375 -1.235269010066986 2.093881443142891 0.0
Dust 1.3402082920074463 1.05983304977417 0.8817672729492188 37.36577224731445 -2.5668134689331055 4.179807186126709 0.0
Dust 0.1280529946088791 0.1369190216064453 0.0889120101928711 10.623907089233398 -9.055061340332031 0.13199949264526367 0.0