Car 2.3171420069304887 2.481154314443436 5.040340473601085 34.978071234391706 -11.670979643458946 -0.6995509876922877 -0.6806784082777891
Obstacle 3.070847799073035 0.8156996274127509 0.9475910074497165 27.443472305439098 -1.0775652352949734 -0.30630390983136024 -0.31706998319322616
Obstacle 2.0403656499504534 0.8234688762419853 1.4216332675874408 31.337340658674314 -3.4633251518452637 -0.538648693247479 -0.2385301668534796
Obstacle 3.0597764972761423 0.86443123002157 1.0123207446112632 15.757789710739866 -9.133929725340716 -0.03349323654291658 -0.2385301668534801
Obstacle 1.987142229038152 0.5373047545618712 1.3056559472639462 28.360655908854085 -12.960372075363846 0.1514309739856295 0.10707708553825158
Obstacle 2.020526336562273 0.9461798043316993 0.7038959612785501 29.58704056386521 -14.549830501456372 -0.03435692601817897 -0.04363323129985811
Obstacle 2.9082445735864457 0.9788040594965648 1.3953013604536701 39.851740900862254 -4.69549173801299 0.8093781111845292 -0.08149166593912827
Obstacle 3.0759932609770235 1.587155486170891 1.2498503048410008 37.60868379324574 -18.602860139970076 0.33501211314032603 2.652900463031381
Obstacle 2.5315892225099854 2.108019889068737 1.3818196319865075 65.0346403885633 -20.62563247622819 3.437421520241263 -2.666535847812586
Obstacle 2.2054699788893095 0.9991098342952555 0.6319564583204632 8.636471393913617 -6.967382279561837 -0.7473919922905747 -0.21816615649929144
Obstacle 1.6002852088868758 0.29151886141346867 0.9768909531720216 7.798830447481659 -6.303122955330181 -1.1535843166381048 -0.22101781834535517
Obstacle 2.2735168526375777 0.9447469870777874 0.9578650624685641 6.404954175061253 -6.201122418557642 -0.8410176242488382 -0.17738458704549626
Dust 1.1577475281883882 2.1047464575903416 3.756002554545208 3.238750949560952 -1.755495189347964 0.06863562538246357 -0.026179938779915347
Dust 0.16413795948028564 0.0256500244140625 0.14177322387695312 13.630526542663574 3.440095901489258 -1.8579809665679932 0.0
Dust 0.06520600616931915 0.09519994258880615 0.10109329223632812 4.579700469970703 -2.035331964492798 0.1800299882888794 0.0
Dust 0.5682879686355591 0.75382399559021 0.7909280061721802 2.081118106842041 -1.7138019800186157 0.00934000313282013 0.0