Stone 0.5498596581823586 0.64402374670713 0.6148170331514813 37.42135759830785 -18.71212633070968 -2.1625224982946802 -0.2460339083439882
Stone 0.6793052389274136 0.960390096122341 0.7452157819574126 38.75893420245484 -21.95364940597858 -1.9656457153748212 -0.4974188368183843
Stone 0.46514834588425524 1.014408337845242 0.8665030820426665 30.05040869281129 -29.147173156577082 -2.287095430480012 -0.2460339083439882
Stone 0.5498596581823586 0.64402374670713 0.6148170331514813 32.20034305285344 -30.142278350203014 -2.12252249829465 -0.2460339083439882
Stone 0.6431855722368238 0.7062410227434401 0.6472392822128488 29.18662540082778 -33.75475478166413 -2.0691928746007493 -0.2460339083439882
Stone 0.5965226152095913 0.846229893825138 0.6148170331514813 37.17219424694122 -25.203696386935917 -1.9991910197810336 -0.2460339083439882
Stone 0.581408293636652 0.8488698784419682 0.7670831210548372 38.444502117747106 -24.266733458117415 -1.9423024995765807 -0.32457372468373274
Stone 0.6609085665530372 0.7529039797706728 0.7002723897366262 49.13620817782885 -21.258418907027817 -1.5172372738018187 -0.2460339083439882
Stone 0.5986846143216398 0.8253060942907354 0.6420842305887968 37.63381856502019 -22.182251821721366 -2.049543853426801 -0.49085889883996675
Car 2.487196358973692 2.51716179662646 5.967953600292536 15.804806030742295 -10.352312467269096 -2.108657121717458 2.739621510239849
Stone 0.42823866065635324 1.6076889465805129 0.9237032561024952 31.13916910517719 6.552234927546692 -2.447310064174206 -0.5350686104895175
Stone 2.1394303442353286 1.8861119636210772 1.342811256049381 75.60505886435112 -15.759624446181078 1.542007136937531 0.549778714378214
Dust 5.113993825042192 9.81679779395564 6.613944591837731 5.044940031625039 1.9400387781265906 -0.2167530254435029 3.115412714809878
Dust 5.292329747909635 5.029467082054065 8.134393914031234 12.557764179597497 4.529301425387558 0.23121669402468625 -0.040022755699593765
Dust 2.926071801012686 2.909889593938001 5.602456220516418 19.157296923080274 -0.4624403462262902 0.4947790957312308 -1.701696020694471
Dust 0.6999769806861877 1.5080780982971191 1.3726091384887695 3.15948748588562 -1.3539810180664062 0.03367650508880615 0.0
Dust 1.9037230759859085 1.4473699927330017 1.4705657958984375 19.24333953857422 -2.2583709061145782 0.5423075184226036 0.0
Dust 1.0604369640350342 2.3606350421905518 1.5101089477539062 18.673463821411133 0.8742364645004272 -0.20753350853919983 0.0
Dust 4.694063186645508 3.95812726020813 5.865346431732178 13.44565749168396 4.4737067222595215 0.28385651111602783 0.0
Dust 4.341631978750229 5.666565179824829 7.553606748580933 5.787857413291931 3.6595946550369263 -0.6629130393266678 0.0
Dust 1.3957300186157227 1.4605398178100586 2.371211051940918 6.3558454513549805 -1.4654719829559326 1.1125249862670898 0.0