Stone 0.5498596581823586 0.64402374670713 0.6148170331514813 37.52742605618687 -18.636001185062014 -2.1198558316279916 -0.2460339083439882
Stone 0.6793052389274136 0.960390096122341 0.7452157819574126 38.748058840683825 -21.94774456631876 -1.9656457153748212 -0.4974188368183843
Stone 0.46514834588425524 1.014408337845242 0.8665030820426665 30.109857357585497 -29.188289687440374 -2.287095430480012 -0.2460339083439882
Stone 0.5498596581823586 0.64402374670713 0.6148170331514813 32.200343052846165 -30.14227835019574 -2.12252249829465 -0.2460339083439882
Stone 0.6431855722368238 0.7062410227434401 0.6472392822128488 29.153073422364287 -33.73060439193887 -2.0798595412674175 -0.2460339083439882
Stone 0.5965226152095913 0.846229893825138 0.6148170331514813 37.17219424694122 -25.203696386935917 -1.9991910197810336 -0.2460339083439882
Stone 0.581408293636652 0.8488698784419682 0.7670831210548372 38.444502117747106 -24.26673345812469 -1.9423024995765807 -0.32457372468373297
Stone 0.6609085665530372 0.7529039797706728 0.7002723897366262 49.18561575115291 -21.316560729961566 -1.538700343978925 -0.2460339083439882
Stone 0.5986846143216398 0.8253060942907354 0.6420842305887968 37.63381856502019 -22.182251821721366 -2.049543853426801 -0.49085889883996675
Stone 0.42823866065635324 1.6076889465805129 0.9237032561024952 31.139169105176734 6.552234927547033 -2.447310064174206 -0.5350686104895175
Stone 2.1394303442353286 1.8861119636210772 1.342811256049381 75.60505886435112 -15.759624446181078 1.542007136937531 0.5497787143782142
Dust 3.4767708694555246 2.8785080581441034 5.6730911110762134 4.025896969960969 1.3432180106087663 -0.5687379228055811 3.115412714809878
Dust 2.820333957672119 1.9088280200958252 5.178173005580902 4.19681242108345 1.0124130249023438 -0.4155759811401367 0.0