Truck 8.700537776265904 9.771738976092369 15.136278998824569 38.143840661329705 10.466411970482113 -0.045625162465192964 0.42722186574650856
Truck 10.044734623933419 10.439880383290443 17.68232272526821 82.31938594936446 35.19129420974059 0.9570425286415143 2.6609945414436944
Engineering 22.401351194129283 14.892641232793665 32.483089152702206 92.23657438874989 43.65416735610097 7.039876570575383 -1.4657108305083524
Stone 1.084773227776514 1.373932709760114 1.4483161825974498 49.9860183320302 41.4546237658692 -3.1147964886721153 -1.4398966328953213
Dust 10.36218740844353 33.207158388665974 49.62407832730769 18.946284433493645 -6.1978507482704615 0.6000153348475257 -1.1071987755932085
Dust 2.8753093148435758 15.57755726680459 4.310941408979302 27.641727373665926 20.206789641243276 -1.86177642816476 0.4636271067696007
Dust 5.320407594023674 4.170255413886484 25.03385965723272 46.833778652795644 33.156057517494865 -0.5356312015154405 -1.4922565104551522
Dust 11.211153724748124 30.76002582640892 68.60979269005837 97.86015863781934 -20.78384371735684 7.337747565910207 1.1780972450961724
Dust 3.666626474910455 4.595563363870457 3.558400475652368 33.56944035379446 1.2011195860578483 1.3665002393988157 -1.1459554986081426
Dust 7.448377013206482 42.72463798522949 21.039597988128662 25.27471947669983 1.219024658203125 -0.023545444011688232 0.0
Dust 0.44736799597740173 1.0765008926391602 1.0402297973632812 5.224452018737793 -4.908676624298096 -0.6727269887924194 0.0
Dust 0.5383999943733215 1.1506779193878174 1.4793410301208496 2.632885456085205 -1.1434160470962524 -0.27122101187705994 0.0
Dust 0.5548830032348633 2.7973971366882324 2.7509279251098633 3.0543360710144043 1.7186164855957031 -0.2657744884490967 0.0
Dust 0.6414390802383423 1.1450424194335938 0.4241828918457031 47.129432678222656 34.474830627441406 -1.6272735595703125 0.0
Dust 2.714979887008667 1.454132080078125 0.9171371459960938 46.94447326660156 27.897125244140625 -0.5745320320129395 0.0
Dust 0.4266590178012848 0.13643836975097656 0.6326141357421875 46.12409591674805 25.3134765625 0.3199065029621124 0.0
Dust 0.5120072364807129 1.3331165313720703 0.89801025390625 103.82313537597656 9.536384582519531 8.166316986083984 0.0
Dust 1.4386849403381348 1.8999710083007812 1.38348388671875 102.51449584960938 6.648942470550537 7.978086471557617 0.0
Dust 0.5282607078552246 1.1613119840621948 0.7087936401367188 99.76519775390625 -0.27310502529144287 7.07960319519043 0.0
Dust 0.5160636901855469 0.7502861022949219 0.27542877197265625 95.46746826171875 -21.610620498657227 9.03182601928711 0.0
Dust 1.0875496864318848 1.6778850555419922 2.2031784057617188 90.97872924804688 -23.033145904541016 6.514579772949219 0.0
Dust 7.765417098999023 24.439122200012207 18.03156280517578 88.51375961303711 -37.297338008880615 7.482390403747559 0.0
Dust 0.14505863189697266 0.8242835998535156 0.0193634033203125 99.91928100585938 -43.89576721191406 11.41189193725586 0.0