Stone 0.777251873574619 1.014833661095458 0.9071701906881946 16.01112406589482 -12.44973278087673 -3.5642371927673007 -0.2988262809166944
Stone 0.5665683009646424 0.7474128289925159 0.6424162451680309 15.853197661358001 -14.27827484339352 -3.926500265567894 -0.2617409917961636
Car 2.487196358973692 2.51716179662646 5.967953600292536 64.29214748658461 -0.892105231926203 4.54801795484977 -0.007611146262614312
Stone 0.7138643773217663 0.7803623649965619 0.8161133775283342 28.356259174731722 -22.71084323232746 -3.078441276310091 0.1308996938995747
Stone 0.5227665280323128 0.6605158690179487 0.7766545300545612 14.970077491902416 -11.333513436360812 -3.7246499164605433 -0.28932663838434514
Dust 2.5840983937748763 3.3790716424246625 5.862933303106627 24.285027524293948 -2.0871001034596373 -0.12309598432186875 0.0527050725466277
Dust 2.7444476476036606 3.3098773989408543 8.795187659578033 36.2386887276899 -1.8477577519939412 1.3104994041363565 -0.11928523624625327
Obstacle 1.3997738564496771 0.7825295672326695 0.6513643459262873 49.806017917198275 0.9441645085582446 2.4932235192932324 -0.2594156687403045
Dust 1.7559503687818627 1.7905316505950428 1.6370119393919653 46.72504728669682 -1.1007852903406392 2.2733691281775528 0.07853981633974486
Dust 2.576472010060688 4.40661617314717 6.299682790091491 55.73964110255007 -1.4676335864953907 4.067011348456437 -0.030543261909900813
Dust 0.906985983152217 0.9329209775315119 1.3370497717046972 2.4303878383067934 -1.475167294073608 -0.7031200082292951 2.1205750411731104
Stone 0.5626968907133462 1.506297359503919 1.2440657020636325 60.20487832927703 -1.1053056063625588 3.6211809329631373 0.001199781374940645
Dust 2.2124860286712646 2.2382640838623047 2.3313751220703125 25.72093391418457 -2.3342480659484863 -0.21224403381347656 0.0
Dust 1.2091879844665527 2.1414670944213867 1.5887489318847656 22.443342208862305 -1.857893466949463 -0.2117680162191391 0.0
Dust 0.06835603713989258 0.17253494262695312 0.6293315887451172 19.27591323852539 -2.191061496734619 -2.0836119651794434 0.0
Dust 2.95020991563797 2.024930000305176 1.2580699920654297 33.068278312683105 -1.439723014831543 0.5703519284725189 0.0
Dust 0.6375010013580322 1.0517150163650513 1.8224754333496094 57.854347229003906 0.08727651834487915 3.051957607269287 0.0
Dust 1.589884877204895 1.4367918968200684 1.071929931640625 46.55804443359375 -1.058109998703003 2.140660524368286 0.0
Dust 0.7373969554901123 0.6700319647789001 1.4943885803222656 53.90946960449219 -1.0623409748077393 3.192563533782959 0.0
Dust 1.3970389366149902 2.1156039237976074 1.0534591674804688 37.807716369628906 -1.5587589740753174 1.4358394145965576 0.0
Dust 1.1937313079833984 1.087641954421997 1.2479248046875 57.298439025878906 -2.0102901458740234 3.954286575317383 0.0
Dust 0.43157505989074707 0.49105095863342285 0.47412109375 39.741432189941406 -3.4305386543273926 1.7857764959335327 0.0