Stone 0.5498596581823586 0.64402374670713 0.6148170331514813 37.34444506464354 -18.682759883999097 -2.1385231493363506 -0.2460339083439882
Stone 0.6793052389274136 0.960390096122341 0.7452157819574126 38.76165304289759 -21.95512561589294 -1.9656457153748212 -0.4974188368183843
Stone 0.46514834588425524 1.014408337845242 0.8665030820426665 30.057793022932515 -29.123578032574187 -2.287095430480012 -0.2460339083439882
Stone 0.5498596581823586 0.64402374670713 0.6148170331514813 32.20034305285549 -30.142278350205743 -2.12252249829465 -0.2460339083439882
Stone 0.6431855722368238 0.7062410227434401 0.6472392822128488 29.195013395443766 -33.760792379096074 -2.081192874600748 -0.2460339083439882
Stone 0.5965226152095913 0.846229893825138 0.6148170331514813 37.17219424694122 -25.203696386935917 -1.9991910197810336 -0.2460339083439882
Stone 0.581408293636652 0.8488698784419682 0.7670831210548372 38.444502117747106 -24.266733458114686 -1.9423024995765807 -0.32457372468373274
Stone 0.6609085665530372 0.7529039797706728 0.7002723897366262 49.16314737099481 -21.20676732878883 -1.5426249089861306 -0.2460339083439882
Stone 0.5986846143216398 0.8253060942907354 0.6420842305887968 37.63381856502019 -22.182251821721366 -2.049543853426801 -0.49085889883996675
Stone 0.42823866065635324 1.6076889465805129 0.9237032561024952 31.13916910517719 6.5522349275465785 -2.447310064174206 -0.5350686104895175
Stone 2.1394303442353286 1.8861119636210772 1.342811256049381 75.60505886435067 -15.759624446181078 1.542007136937531 0.5497787143782142
Dust 5.855127827652503 7.30681526265923 9.010587282342174 21.225392350901625 0.7858059080015848 2.1220085615227195 -0.45734584554592494
Dust 5.7705885857029 7.623209068892708 9.936377209806787 9.322646994856758 1.9162156022588164 0.19386255287680165 2.687807048071268
Dust 0.2916419506072998 0.49452298879623413 0.48773670196533203 8.528810501098633 -0.5429345369338989 -2.8382058143615723 0.0
Dust 4.861627101898193 6.5970964431762695 4.941444396972656 19.625049591064453 1.1854430437088013 1.82881760597229 0.0
Dust 4.4379401206970215 3.524850010871887 4.2262632846832275 6.214170336723328 2.088905990123749 -0.6042920351028442 0.0
Dust 3.405192792415619 1.442275881767273 3.924337387084961 12.854146003723145 2.8943700194358826 0.9441074430942535 0.0
Dust 0.7525849938392639 0.5916979908943176 0.8095283508300781 24.1783390045166 -0.5601140260696411 0.709984540939331 0.0