Obstacle 1.2658444012467998 0.8072173671726093 0.9028210395933036 7.549336190217767 -4.247844574898538 -2.5494315896268387 -0.07688599335631784
Stone 1.0144228367143593 1.1707461067211018 0.8924581383634693 60.91852779578446 -21.09437148249617 -0.7515897068913769 -0.2879793265790643
Stone 0.6774777947308591 1.0340071020193637 1.2068293988672572 61.590407281739274 -28.08841945928922 -0.3766158382487441 -0.7388052020240804
Dust 7.000293993089028 11.983723451481028 24.456303555093832 17.692107618329757 -4.5035735538186925 2.1801510586227955 2.9684070401956415
Dust 0.2419549971818924 0.6986799240112305 0.6963162422180176 6.188121795654297 -5.066277027130127 -0.09446550160646439 0.0
Dust 2.8301429748535156 3.616305112838745 3.0941686630249023 9.961042404174805 -4.435352325439453 0.5996804237365723 0.0
Dust 2.3754079341888428 2.9606130123138428 3.9627761840820312 17.07305145263672 -3.6458544731140137 -0.0003110170364379883 0.0
Dust 0.5907170176506042 0.5577349662780762 1.0028839111328125 23.39659309387207 -4.731048583984375 0.22937050461769104 0.0
Dust 0.9814000129699707 0.4185450077056885 0.7337436676025391 20.52138900756836 -3.437669277191162 -0.48012399673461914 0.0
Dust 1.1261329650878906 1.500006914138794 1.1392936706542969 28.142833709716797 -4.3831706047058105 -0.0162695050239563 0.0
Dust 0.3598400354385376 0.11858081817626953 0.6436748504638672 28.856948852539062 -6.261096477508545 0.5191310048103333 0.0
Dust 4.142012119293213 3.288613796234131 2.017885208129883 19.196521759033203 -7.9777631759643555 2.837486982345581 0.0
Dust 0.1557619869709015 0.12376832962036133 0.2178630828857422 13.163919448852539 -4.200319290161133 -0.519333004951477 0.0