Truck 8.700537776265904 9.771738976092369 15.136278998824569 37.25693940793303 10.184535728226706 -0.045625162465192964 0.44072089667990544
Truck 10.044734623933419 10.439880383290443 17.68232272526821 82.31938594936446 35.19129420974059 0.9570425286415143 2.6609945414436944
Engineering 22.401351194129283 14.892641232793665 32.483089152702206 97.84545693215887 47.02706433996306 7.039876570575383 -0.7444530125591836
Stone 1.084773227776514 1.373932709760114 1.4483161825974498 49.9860183320302 41.4546237658692 -3.1147964886721153 -1.4398966328953213
Dust 7.688819743910516 33.557567457524335 49.62407832730769 15.356705250828254 -7.531103911110631 -0.6575707682565275 -1.057511433450493
Dust 3.684066966176033 7.572966158390045 5.490561246871948 4.2853885889053345 -1.2250969111919403 -1.0358954891562462 0.0
Dust 1.8930530548095703 2.329874038696289 2.5546627044677734 30.830875396728516 -15.896439552307129 -1.9257194995880127 0.0
Dust 0.7354609966278076 0.7781453132629395 0.44405269622802734 13.429510116577148 -8.231163024902344 -2.6364216804504395 0.0
Dust 0.20117497444152832 0.221221923828125 0.04587364196777344 31.257976531982422 -13.121424674987793 -2.037320613861084 0.0
Dust 0.7241969108581543 0.42455387115478516 0.6932086944580078 31.715930938720703 -11.150211334228516 -1.7973344326019287 0.0
Dust 1.2435779571533203 1.5777852535247803 3.3963699340820312 26.203771591186523 -4.779656410217285 -1.5929920673370361 0.0