Stone 0.5498596581823586 0.64402374670713 0.6148170331514813 37.5187068488454 -18.682013144631483 -2.1491891649613315 -0.2460339083439882
Stone 0.6793052389274136 0.960390096122341 0.7452157819574126 38.75138186789263 -21.949548822881297 -1.9656457153748212 -0.4974188368183843
Stone 0.46514834588425524 1.014408337845242 0.8665030820426665 30.02989666469672 -29.212715167695436 -2.287095430480012 -0.2460339083439882
Stone 0.5498596581823586 0.64402374670713 0.6148170331514813 32.20034305284753 -30.142278350197103 -2.12252249829465 -0.2460339083439882
Stone 0.6431855722368238 0.7062410227434401 0.6472392822128488 29.163325415783362 -33.73798367768778 -2.0358595412674174 -0.2460339083439882
Stone 0.5965226152095913 0.846229893825138 0.6148170331514813 37.17219424694122 -25.203696386935917 -1.9991910197810336 -0.2460339083439882
Stone 0.581408293636652 0.8488698784419682 0.7670831210548372 38.444502117747106 -24.266733458123326 -1.9423024995765807 -0.32457372468373297
Stone 0.6609085665530372 0.7529039797706728 0.7002723897366262 49.13632466874694 -21.33851479743572 -1.5479615156285487 -0.2460339083439882
Stone 0.5986846143216398 0.8253060942907354 0.6420842305887968 37.63381856502019 -22.182251821721366 -2.049543853426801 -0.49085889883996675
Stone 0.42823866065635324 1.6076889465805129 0.9237032561024952 31.139169105177643 6.5522349275465785 -2.447310064174206 -0.5350686104895175
Stone 2.1394303442353286 1.8861119636210772 1.342811256049381 75.60505886435112 -15.759624446181078 1.542007136937531 0.5497787143782142
Dust 1.9324770411310137 3.0211182175785805 4.30144470689894 6.277860916303229 -1.9320980899427411 0.7484164586246427 3.115412714809878
Dust 0.5089819431304932 0.9904940128326416 2.282221794128418 6.8622260093688965 -2.112110137939453 0.7563179731369019 0.0
Dust 0.0349079966545105 0.1970599889755249 0.5610995292663574 4.7834272384643555 -1.4398961067199707 0.4195840060710907 0.0