Truck 5.170358308802778 3.9468080005671515 9.952874880990938 17.61362331976456 -11.462389483484253 2.46580486720558 -1.102100385430336
Truck 3.167179779659269 3.0157213170683805 6.370317637217243 14.89301941218205 4.056683269356734 0.6016013048343647 -1.1251595522587823
Obstacle 3.481606420675618 3.7553839219747402 1.2343074629982271 13.128378724072036 9.854819258962738 0.4354482575256141 -1.178361348348245
Obstacle 2.9243708773902966 1.151388424514583 1.1294155920283346 15.998749038384217 11.94073693453897 2.8114149756154037 -1.1906851640522669
Obstacle 0.8098266826719689 0.7062096869532855 0.6451394343271746 11.949036944914134 -13.759479656595461 -0.2593939834608663 -1.1832745920367418
Dust 1.9135234895242725 4.5498223824294 5.390395793631848 4.9839342089676215 -0.032397268361391104 0.929670306896494 -0.10187941787950616
Dust 0.8890658030263763 1.9547225004126723 1.6659168082497244 12.40590483731237 0.9418467825773881 2.0409515337499773 -0.0936236990642092
Dust 2.173311851087547 4.852329552149289 6.5008084221513025 13.44654531960523 -4.354614224048451 2.483124724190417 -1.0907152654532872
Dust 0.5259690284729004 1.1017030477523804 2.3917367458343506 3.868560314178467 1.6653144359588623 0.4968004822731018 0.0
Dust 0.5745971202850342 1.486045002937317 1.2607507705688477 12.391849517822266 0.8968815207481384 2.0420446395874023 0.0
Dust 0.8410399556159973 2.413259983062744 1.985109806060791 6.325146675109863 -1.0456340312957764 1.1896300315856934 0.0
Dust 1.6146280765533447 4.84114933013916 4.859090805053711 13.656243324279785 -4.350521564483643 2.55299711227417 0.0
Dust 0.07008302211761475 0.10442781448364258 0.07457542419433594 10.072700500488281 -2.8278629779815674 1.8513906002044678 0.0