Stone 0.6600656148654738 0.8282118690548653 0.666078745014086 28.52041922384751 21.122235230885508 -2.389967192567264 -0.11378712431442195
Stone 0.6 0.6 0.6 21.315929453115814 21.575610879991473 -2.740000000000001 -0.11378712431442554
Stone 0.44609637991851725 0.6 0.6 23.597712502591094 10.518666453933292 -2.643757144897664 -0.11378712431442554
Car 1.977082073688507 2.3041729032160077 5.2576929525810385 5.180985369345096 -2.6339647908206616 -2.300767062902451 -2.6365380012939337
Dust 3.021273373583211 3.4602591304537302 9.60260664318999 11.691579402129094 1.121747037918914 -1.9275038158221194 -2.6878070480712672
Dust 2.4306820287091266 6.1296173105380465 10.823029607354062 20.92303122508943 4.522013492034106 -1.2268815167852858 -2.757620218151041
Dust 3.8663980960845947 3.7134257143192695 8.325966156920746 32.23933761839242 2.951919585081954 -0.4022330968594399 2.8825825578621287
Dust 0.898950559696554 0.3670690887488305 1.1929906448497538 6.2395616313051425 -0.5080266067105953 -2.6161863418012086 0.5078890566493947
Dust 2.6294538974761963 7.011717915534973 11.265563011169434 11.623374462127686 1.9256300330162048 -1.9767619371414185 0.0
Dust 2.9932899475097656 3.4271738529205322 3.2097930908203125 34.58747482299805 1.8404690027236938 -0.8383479118347168 0.0
Dust 3.583631932735443 3.1174198389053345 2.3239688873291016 29.79209613800049 3.3472108244895935 -0.4910140335559845 0.0
Dust 1.8318790197372437 2.3429811000823975 1.8520927429199219 25.93901824951172 4.789652347564697 -1.0533565282821655 0.0
Dust 1.8635529279708862 3.9066375494003296 3.93112850189209 20.431118488311768 5.546239912509918 -1.489255428314209 0.0
Dust 1.401134967803955 0.7113313674926758 0.5653018951416016 24.497764587402344 8.814189910888672 -2.0212454795837402 0.0