Stone 0.8797284704386017 0.9325734115442679 1.2184744691204688 34.23374185670607 31.93217854039466 -1.882598489566486 0.28813651018963893
Obstacle 1.2578545947102193 0.8072173671726093 0.8675125651793272 15.170744055801151 -4.20667209276462 -2.198770019691882 -0.07688599335631781
Dust 2.4287212599620647 2.2771477004918674 2.613212977590852 48.4651892626567 -10.085795097314968 1.8149774222170505 3.0627534084872474
Dust 5.737870959498935 7.303990889413398 6.521103174934467 25.75471846649868 -2.4718227444661447 1.1171439013586237 2.7008970174612252
Dust 3.7847484530080022 5.031923025693361 12.299770508927303 7.422723229955705 -0.11619159931041428 -1.2966686414442337 2.924925839061749
Stone 0.40033733761080414 0.4081492202682925 0.42724299578402813 15.1430593022147 -10.338670074929906 -2.615765087572489 -0.03410558403814066
Dust 4.905603885650635 4.010188102722168 2.0721397399902344 24.006999969482422 -3.404369831085205 1.0225470066070557 0.0
Dust 3.7509069442749023 5.051983177661896 6.449625253677368 4.967539668083191 0.43733349442481995 -1.3279476165771484 0.0
Dust 1.519089937210083 1.43709397315979 2.162853240966797 27.414810180664062 -2.3446898460388184 0.6461340188980103 0.0
Dust 0.0918630063533783 0.1439710259437561 0.21142959594726562 23.8219051361084 -0.6639574766159058 -0.4847084879875183 0.0
Dust 0.09604698419570923 0.1524139642715454 0.17200279235839844 13.069310188293457 -0.9172030091285706 -0.46406248211860657 0.0
Dust 0.48087191581726074 0.6525068283081055 0.4052162170410156 48.551490783691406 -10.050426483154297 1.8870929479599 0.0
Dust 0.7904250025749207 0.9399509429931641 2.180697441101074 10.927215576171875 -2.7280144691467285 0.07451251149177551 0.0