Truck 8.700537776265904 9.771738976092369 15.136278998824569 37.82133111464066 10.363911518752502 -0.045625162465192964 0.4321306042677441
Truck 10.044734623933419 10.439880383290443 17.68232272526821 82.31938594936446 35.19129420974059 0.9570425286415143 2.6609945414436944
Engineering 22.401351194129283 14.892641232793665 32.483089152702206 95.58379839917166 45.38260622061625 7.039876570575383 -0.7819195981398552
Stone 1.084773227776514 1.373932709760114 1.4483161825974498 49.9860183320302 41.4546237658692 -3.1147964886721153 -1.4398966328953213
Dust 8.149007875576181 33.72460790834525 49.62407832730769 18.041123872063054 -6.485105229167113 -0.8876648340893605 -1.1563853272403208
Dust 2.8753093148435758 13.291279889887637 14.267290720947333 33.90702088327246 21.97514940334665 -1.6138093668612759 0.4434637662051421
Dust 5.320407594023674 9.873614298048434 25.03385965723272 54.06007272367242 35.29090152189597 -0.9557643492646657 -1.4922565104551522
Dust 7.602761645927636 7.129970232734202 9.548274994214061 48.547321573635784 -1.8234534604985828 5.869820783443554 -1.5446163880149815
Dust 7.062105655670166 38.362220764160156 31.98583960533142 17.560901761054993 1.1723518371582031 -0.829879879951477 0.0
Dust 0.42142099142074585 0.20804786682128906 0.4581756591796875 29.447975158691406 -18.310867309570312 -0.1524595022201538 0.0
Dust 0.2283959984779358 0.05780029296875 0.24741744995117188 31.613018035888672 -19.094905853271484 -0.05928200110793114 0.0
Dust 2.4171149730682373 2.489194869995117 1.4995765686035156 41.000396728515625 19.070072174072266 -1.387729525566101 0.0
Dust 0.5164459943771362 1.0369243621826172 0.9736366271972656 50.54621887207031 28.839447021484375 -2.1774039268493652 0.0
Dust 0.9471538066864014 2.4325027465820312 0.6661033630371094 33.139801025390625 24.024574279785156 -2.589949131011963 0.0
Dust 0.11522507667541504 0.10060501098632812 0.20645523071289062 33.207435607910156 26.428173065185547 -2.82114839553833 0.0
Dust 0.5128383636474609 0.8622780442237854 0.7840385437011719 46.1651611328125 1.2964030504226685 5.061995029449463 0.0
Dust 6.7066144943237305 4.9882493019104 3.373098373413086 49.22898769378662 -2.4754565954208374 5.421747207641602 0.0
Dust 0.24990272521972656 0.30650198459625244 0.20936965942382812 46.58667755126953 -1.867027997970581 7.999250411987305 0.0