Truck 8.700537776265904 9.771738976092369 15.136278998824569 38.00946168354312 10.423703448927768 -0.045625162465192964 0.42926717346369
Truck 10.044734623933419 10.439880383290443 17.68232272526821 82.31938594936446 35.19129420974059 0.9570425286415143 2.6609945414436944
Engineering 22.401351194129283 14.892641232793665 32.483089152702206 92.38728490889389 45.16943546382504 7.039876570575383 -1.6319762900059005
Stone 1.084773227776514 1.373932709760114 1.4483161825974498 49.9860183320302 41.4546237658692 -3.1147964886721153 -1.4398966328953213
Dust 9.172282122538105 33.59218143750097 49.62407832730769 19.019217870227976 -6.092784597850709 -0.20746371997173296 -1.1175120848095386
Dust 2.696015811244407 13.067940517799872 5.466442717371928 28.865788655368142 19.00670417344495 -1.6880189797045864 0.4636271067696007
Dust 9.442776538866632 7.179186814656665 36.44886704261059 48.289958734631746 25.466788125451266 2.2459080421118496 -1.2724614389311193
Dust 11.211153724748124 30.76002582640892 68.60979269005837 96.08452578872175 -34.1474853475529 7.337747565910207 1.1780972450961724
Dust 6.250544011592865 42.49879455566406 20.84116840362549 27.184861660003662 -0.20419788360595703 -0.6151850521564484 0.0
Dust 2.336308091878891 6.020503044128418 6.4441328048706055 4.883791446685791 0.8194024562835693 -1.1593770533800125 0.0
Dust 0.2174549102783203 0.0750112533569336 0.16513633728027344 12.970355987548828 5.479824542999268 -1.701290488243103 0.0
Dust 1.326341986656189 1.2950706481933594 1.5195846557617188 46.853248596191406 21.23371696472168 0.04363900423049927 0.0
Dust 0.2588620185852051 0.3192768096923828 0.07534027099609375 22.644622802734375 22.68081283569336 -3.192348003387451 0.0
Dust 1.834540069103241 1.508824348449707 3.7131786346435547 46.92191982269287 32.54986524581909 -0.3548720180988312 0.0
Dust 0.4595789909362793 0.5633859634399414 0.6234207153320312 50.685951232910156 12.51551628112793 4.6093902587890625 0.0
Dust 0.7971792221069336 1.0613470077514648 0.7663993835449219 51.27430725097656 10.870580673217773 4.653842449188232 0.0
Dust 1.7112231254577637 4.160083770751953 2.2006454467773438 91.95021057128906 -28.552522659301758 8.644346237182617 0.0
Dust 1.067145824432373 0.8497676849365234 1.3821868896484375 89.29595947265625 -30.145771026611328 7.503301620483398 0.0
Dust 6.268313884735107 17.062599182128906 14.216766357421875 87.38565826416016 -42.95624351501465 7.813487768173218 0.0
Dust 0.48699378967285156 0.8292961120605469 0.22679901123046875 99.61552429199219 -44.977630615234375 11.419702529907227 0.0
Dust 0.5426626205444336 1.529571533203125 1.1559524536132812 95.74156188964844 -47.54762649536133 11.279497146606445 0.0
Dust 0.6611738204956055 0.9309539794921875 1.2830429077148438 91.48817443847656 -54.02042770385742 11.147811889648438 0.0
Dust 0.2896547317504883 0.996551513671875 0.256317138671875 91.96814727783203 -55.69275665283203 11.319351196289062 0.0
Dust 0.3831825256347656 0.41489410400390625 1.146728515625 92.60008239746094 -57.09272384643555 11.711760520935059 0.0
Dust 0.34524059295654297 0.4481849670410156 0.4407196044921875 90.76199340820312 -56.756866455078125 10.971757888793945 0.0