Stone 0.5498596581823586 0.64402374670713 0.6148170331514813 37.4935540103686 -18.557383855471016 -2.0771891649613186 -0.2460339083439882
Stone 0.6793052389274136 0.960390096122341 0.7452157819574126 38.74322534656176 -21.945120193136972 -1.9656457153748212 -0.4974188368183843
Stone 0.46514834588425524 1.014408337845242 0.8665030820426665 30.059360827133105 -29.094377115618045 -2.287095430480012 -0.2460339083439882
Stone 0.5498596581823586 0.64402374670713 0.6148170331514813 32.200343052845255 -30.14227835019483 -2.12252249829465 -0.2460339083439882
Stone 0.6431855722368238 0.7062410227434401 0.6472392822128488 29.167998622348932 -33.7476900394704 -2.0958595412674175 -0.2460339083439882
Stone 0.5965226152095913 0.846229893825138 0.6148170331514813 37.17219424694122 -25.203696386935917 -1.9991910197810336 -0.2460339083439882
Stone 0.581408293636652 0.8488698784419682 0.7670831210548372 38.444502117747106 -24.2667334581256 -1.9423024995765807 -0.3245737246837331
Stone 0.6609085665530372 0.7529039797706728 0.7002723897366262 49.20830492191885 -21.217010127879803 -1.5252295488522012 -0.2460339083439882
Stone 0.5986846143216398 0.8253060942907354 0.6420842305887968 37.63381856502019 -22.182251821721366 -2.049543853426801 -0.49085889883996675
Car 2.487196358973692 2.51716179662646 5.967953600292536 30.299861343022197 0.715088621849786 -1.6511960945062256 -0.2520624030969819
Stone 0.42823866065635324 1.6076889465805129 0.9237032561024952 31.139169105175824 6.552234927547943 -2.447310064174206 -0.5350686104895175
Stone 2.1394303442353286 1.8861119636210772 1.342811256049381 75.60505886435112 -15.759624446181078 1.542007136937531 0.5497787143782142
Dust 5.171554057390384 17.692193551512123 13.303666788207368 14.623918697541761 -1.7327825014242049 0.15330044302802193 1.5105728556827092
Dust 4.212503910064697 2.352506160736084 4.337762117385864 8.069501757621765 -3.4440410137176514 -0.6060189604759216 0.0
Dust 4.070306062698364 0.9720501899719238 1.2705078125 12.750438690185547 -6.946110725402832 -0.5386470556259155 0.0
Dust 0.11788299679756165 0.3333737850189209 0.5739707946777344 18.23417854309082 -2.6961898803710938 -0.36607152223587036 0.0
Dust 2.0433690547943115 4.3453216552734375 5.117887496948242 20.89376449584961 1.8937839269638062 -1.527455449104309 0.0
Dust 0.47918105125427246 1.5020391941070557 1.0135440826416016 15.851174354553223 -4.575528621673584 1.7228975296020508 0.0