Stone 0.5498596581823586 0.64402374670713 0.6148170331514813 37.52584074576134 -18.644366995892597 -2.125189164961326 -0.2460339083439882
Stone 0.6793052389274136 0.960390096122341 0.7452157819574126 38.74866302744931 -21.948072612966826 -1.9656457153748212 -0.4974188368183843
Stone 0.46514834588425524 1.014408337845242 0.8665030820426665 30.095319049787577 -29.19273068385064 -2.287095430480012 -0.2460339083439882
Stone 0.5498596581823586 0.64402374670713 0.6148170331514813 32.200343052846165 -30.14227835019574 -2.12252249829465 -0.2460339083439882
Stone 0.6431855722368238 0.7062410227434401 0.6472392822128488 29.154937421167688 -33.73194608025642 -2.0718595412674174 -0.2460339083439882
Stone 0.5965226152095913 0.846229893825138 0.6148170331514813 37.17219424694122 -25.203696386935917 -1.9991910197810336 -0.2460339083439882
Stone 0.581408293636652 0.8488698784419682 0.7670831210548372 38.444502117747106 -24.26673345812469 -1.9423024995765807 -0.32457372468373297
Stone 0.6609085665530372 0.7529039797706728 0.7002723897366262 49.17665373617001 -21.320552378593675 -1.5403841933697657 -0.2460339083439882
Stone 0.5986846143216398 0.8253060942907354 0.6420842305887968 37.63381856502019 -22.182251821721366 -2.049543853426801 -0.49085889883996675
Stone 0.42823866065635324 1.6076889465805129 0.9237032561024952 31.139169105176734 6.552234927547033 -2.447310064174206 -0.5350686104895175
Stone 2.1394303442353286 1.8861119636210772 1.342811256049381 75.60505886435112 -15.759624446181078 1.542007136937531 0.5497787143782142
Dust 5.046399540725671 4.600154059279465 8.407653546992105 5.528040327834666 0.09633333259598242 -0.16593070825445647 3.115412714809878
Dust 3.7688260078430176 3.6070770621299744 6.333124160766602 5.183196067810059 -0.018509477376937866 -0.059707045555114746 0.0