Dust 10.51880828146184 10.3949785393831 14.864482184360224 37.76543272788537 9.184818725122325 3.2404716572753296 0.10908307824964537
Dust 12.105290971348557 22.5544452970799 30.854778293744136 16.764753011290136 -3.5561528303642262 2.3563783645255123 0.23561944901923432
Dust 10.823050737380981 22.73978853225708 25.20781981945038 16.43041568994522 -1.5377342700958252 1.7246023416519165 0.0
Dust 1.3923360109329224 1.453873634338379 2.1687631607055664 9.74814224243164 -8.573259353637695 -0.19519197940826416 0.0
Dust 0.12276899814605713 0.12516999244689941 0.5162820816040039 10.99111557006836 0.8984349966049194 -1.431147575378418 0.0
Dust 0.36350399255752563 0.19206905364990234 0.35114288330078125 30.03921890258789 4.543253421783447 -0.7154179811477661 0.0
Dust 0.489840030670166 0.7817072868347168 0.985992431640625 33.97048568725586 5.753814697265625 -0.657027006149292 0.0
Dust 0.1563119888305664 0.27297496795654297 0.5790653228759766 32.112178802490234 7.165097713470459 -0.23436099290847778 0.0
Dust 0.08345299959182739 0.2260456085205078 0.1843414306640625 37.63401412963867 9.768022537231445 -0.3843595087528229 0.0
Dust 3.4776769280433655 2.8392343521118164 7.859880447387695 33.76594543457031 12.921842575073242 -0.5777214467525482 0.0
Dust 6.4231895208358765 7.46574068069458 2.7915382385253906 43.300798416137695 10.706968069076538 5.0445058941841125 0.0
Dust 0.6368210315704346 0.2571396827697754 1.2205047607421875 38.589725494384766 4.709318161010742 1.5944294929504395 0.0
Dust 2.0810399055480957 1.9733150005340576 2.1053600311279297 30.833690643310547 -3.0100045204162598 6.656521797180176 0.0