Stone 0.5498596581823586 0.64402374670713 0.6148170331514813 37.36153647588935 -18.68928550856578 -2.14385615714885 -0.2460339083439882
Stone 0.6793052389274136 0.960390096122341 0.7452157819574126 38.761048856132675 -21.95479756924523 -1.9656457153748212 -0.4974188368183843
Stone 0.46514834588425524 1.014408337845242 0.8665030820426665 30.056152060683416 -29.1288213934639 -2.287095430480012 -0.2460339083439882
Stone 0.5498596581823586 0.64402374670713 0.6148170331514813 32.200343052854805 -30.14227835020506 -2.12252249829465 -0.2460339083439882
Stone 0.6431855722368238 0.7062410227434401 0.6472392822128488 29.193149396640365 -33.75945069077787 -2.0785262079340816 -0.2460339083439882
Stone 0.5965226152095913 0.846229893825138 0.6148170331514813 37.17219424694122 -25.203696386935917 -1.9991910197810336 -0.2460339083439882
Stone 0.581408293636652 0.8488698784419682 0.7670831210548372 38.444502117747106 -24.266733458115368 -1.9423024995765807 -0.32457372468373274
Stone 0.6609085665530372 0.7529039797706728 0.7002723897366262 49.157191887769386 -21.218225017717558 -1.536983438329466 -0.2460339083439882
Stone 0.5986846143216398 0.8253060942907354 0.6420842305887968 37.63381856502019 -22.182251821721366 -2.049543853426801 -0.49085889883996675
Car 2.487196358973692 2.51716179662646 5.967953600292536 3.611125099534805 2.854862714965926 -2.281576200254831 2.4486969405480443
Stone 0.42823866065635324 1.6076889465805129 0.9237032561024952 31.13916910517719 6.552234927546657 -2.447310064174206 -0.5350686104895175
Stone 2.1394303442353286 1.8861119636210772 1.342811256049381 75.6050588643509 -15.759624446181078 1.542007136937531 0.549778714378214
Dust 5.855127827652503 6.281218590604699 8.635924556561038 20.43046411961375 0.8469757134414265 1.7394801951393781 -0.363260202802268
Dust 3.3711433095989016 4.168215636721102 6.952275383305875 10.221428274029984 2.4991312553145963 0.2762815997192032 2.635447170511438
Dust 1.5681354722114154 1.7078507203117939 4.370204403313254 7.744202932761394 -0.301842418803403 -2.2287872415716983 2.4434609527920608
Dust 2.6879913983552184 5.6812927531854776 4.137558207665873 4.285508378490357 0.28858350040790426 0.46676364957035904 2.557635980666192
Dust 0.3200399875640869 0.21003198623657227 0.379425048828125 8.992708206176758 -2.0377609729766846 -2.874906063079834 0.0
Dust 4.861047983169556 5.318294823169708 5.796383738517761 5.098357021808624 0.27633044123649597 -0.7841148972511292 0.0
Dust 4.68651819229126 5.970170974731445 3.5298404693603516 18.706392288208008 1.6874265670776367 1.6179440021514893 0.0
Dust 1.6603180170059204 1.6563348770141602 2.5498228073120117 10.570337295532227 3.2041373252868652 0.32603198289871216 0.0
Dust 0.15676403045654297 0.07517194747924805 0.16314220428466797 13.370687484741211 2.383542060852051 -1.2555949687957764 0.0
Dust 1.011565089225769 1.2117919921875 0.8750324249267578 23.281539916992188 -0.0583919882774353 0.6833274960517883 0.0