Truck 8.700537776265904 9.771738976092369 15.136278998824569 37.364442590163094 10.218702545469682 -0.045625162465192964 0.4390846505061606
Truck 10.044734623933419 10.439880383290443 17.68232272526821 82.31938594936446 35.19129420974059 0.9570425286415143 2.6609945414436944
Engineering 22.401351194129283 14.892641232793665 32.483089152702206 96.63398156808933 45.75075620697521 7.039876570575383 -0.7309174691536965
Stone 1.084773227776514 1.373932709760114 1.4483161825974498 49.9860183320302 41.4546237658692 -3.1147964886721153 -1.4398966328953213
Dust 7.847673550572013 33.557567457524335 49.62407832730769 15.883412225443072 -7.326896659878488 -0.7369976715872766 -1.096166509724777
Dust 2.4311909675598145 9.484271049499512 9.64251708984375 6.452149391174316 -3.1025075912475586 -1.1923065185546875 0.0
Dust 2.57452392578125 3.0884079933166504 3.3058738708496094 14.645326614379883 -6.702731132507324 -0.3465310037136078 0.0
Dust 4.093784809112549 14.198875427246094 6.406284332275391 26.42262840270996 -2.158529043197632 -1.6834484338760376 0.0
Dust 0.6704130172729492 1.0766799449920654 0.8387870788574219 21.48680305480957 -0.7997419834136963 -2.5744614601135254 0.0
Dust 4.05476701259613 3.568169116973877 4.188310623168945 15.338717460632324 0.8160095810890198 -0.27868348360061646 0.0
Dust 0.6832470893859863 1.5010348558425903 0.9224910736083984 21.8612060546875 2.0066795349121094 -2.7538294792175293 0.0
Dust 0.778598964214325 1.4527277946472168 2.7767534255981445 10.666099548339844 6.6802263259887695 -0.5701574683189392 0.0