Car 2.3171420069304887 2.481154314443436 5.040340473601085 30.797340873891244 -10.454282777477147 -2.355342046811364 -0.7027677316233413
Obstacle 3.070847799073035 0.8156996274127509 0.9475910074497165 16.140882156796994 3.177804594828233 -0.9972446646227936 -0.3170699831932264
Obstacle 2.0403656499504534 0.8234688762419853 1.1674365280021697 20.419940843581927 1.7649127395371496 -1.4058040944764196 -0.2210768743335362
Obstacle 3.0597764972761423 0.86443123002157 1.0123207446112632 5.919016540433339 -6.6763208373512075 -0.8902306557802391 -0.2385301668534801
Obstacle 1.987142229038152 0.5373047545618712 1.3056559472639462 19.19588711000495 -8.589444170800894 -1.1728378758044675 -0.07700060900802473
Obstacle 1.9159812065879887 0.9461798043316993 0.7038959612785501 20.344936087390465 -9.699185602617263 -1.334735538087584 -0.04363323129985811
Obstacle 2.9082445735864457 0.9788040594965648 1.3953013604536701 28.935115453393443 1.3064599446198393 -0.2783208799444008 -0.08149166593912827
Obstacle 3.0759932609770235 1.587155486170891 1.2498503048410008 28.867592923658663 -12.805274749691359 -1.5023255480768307 2.652900463031381
Obstacle 2.5315892225099854 2.108019889068737 1.3818196319865075 56.1898571560958 -9.819603689958505 1.0431528212143701 -2.487094184091919
Dust 3.672806234052256 4.4846857442964385 6.401056238713422 5.402672488428919 -0.8911657569054227 -0.8930981372764845 -0.026179938779915347
Dust 1.3525869846343994 1.8249359130859375 5.326485753059387 5.292746961116791 -1.2054309248924255 0.18500851094722748 0.0