Stone 0.5498596581823586 0.64402374670713 0.6148170331514813 37.43575553356004 -18.570965500386137 -2.1091891649613164 -0.2460339083439882
Stone 0.6793052389274136 0.960390096122341 0.7452157819574126 38.6764077829635 -21.90884121614641 -1.9656457153748212 -0.4974188368183842
Stone 0.46514834588425524 1.014408337845242 0.8665030820426665 29.99968096759676 -29.030604181365106 -2.287095430480012 -0.2460339083439882
Stone 0.5498596581823586 0.64402374670713 0.6148170331514813 32.200343052845255 -30.142278350195284 -2.12252249829465 -0.2460339083439882
Stone 0.6431855722368238 0.7062410227434401 0.6472392822128488 29.146969192809138 -33.704011411443844 -2.0958595412674175 -0.2460339083439882
Stone 0.5965226152095913 0.846229893825138 0.6148170331514813 37.17219424694122 -25.203696386935917 -1.9991910197810336 -0.2460339083439882
Stone 0.581408293636652 0.8488698784419682 0.7670831210548372 38.444502117747106 -24.266733458125145 -1.9423024995765807 -0.3245737246837331
Stone 0.6609085665530372 0.7529039797706728 0.7002723897366262 49.192463627626694 -21.225648421012465 -1.5176522265934203 -0.2460339083439882
Stone 0.5986846143216398 0.8253060942907354 0.6420842305887968 37.63381856502019 -22.182251821721366 -2.049543853426801 -0.49085889883996675
Stone 0.42823866065635324 1.6076889465805129 0.9237032561024952 31.139169105175824 6.552234927547943 -2.447310064174206 -0.5350686104895175
Stone 2.1394303442353286 1.8861119636210772 1.342811256049381 75.60505886435112 -15.759624446181078 1.542007136937531 0.5497787143782142
Dust 2.8676905443139136 9.322147017352096 5.226568197350105 6.1862276220864825 -1.791302841218826 1.014077186891811 1.2594050072884277
Dust 0.42115798592567444 1.1951630115509033 0.7039310932159424 2.476494312286377 -0.3652864694595337 0.2880939841270447 0.0
Dust 1.7567980289459229 3.4277570247650146 3.7313127517700195 7.7361226081848145 -2.743178367614746 1.352439045906067 0.0