Car 2.487196358973692 2.51716179662646 5.967953600292536 93.63225093059398 19.243989455140895 0.9442264697430567 2.4033214297286314
Obstacle 1.2658444012467998 0.8072173671726093 0.9028210395933036 47.80956257987551 4.250655941006171 -1.3000365628696953 -0.07688599335631774
Dust 6.662201816206235 17.772460983507415 33.80607685083656 20.8219107191847 -2.017699601115443 2.058574024941996 0.3024188373679556
Obstacle 1.3997738564496771 0.7825295672326695 0.6513643459262873 15.77152163713584 4.6051341132038335 -2.4514548111347154 -0.2594156687403045
Dust 1.7688453809779299 3.4213698450522783 2.753001859231487 52.713985162000284 4.025764567279151 0.2422327069573918 0.16849044453693968
Dust 0.22304600477218628 0.7578911781311035 0.4124298095703125 5.390974998474121 -5.6975507736206055 -0.09402699768543243 0.0
Dust 4.798635959625244 3.0786666870117188 8.310020446777344 11.185276985168457 -6.365346431732178 1.0994799137115479 0.0
Dust 1.2285490036010742 3.037688970565796 1.7557945251464844 26.706266403198242 -5.166236400604248 0.18849951028823853 0.0
Dust 1.1874170303344727 1.8472862243652344 1.9194450378417969 52.48273468017578 4.443717002868652 0.17821748554706573 0.0
Dust 0.24433299899101257 0.4143047332763672 0.42769622802734375 19.82547950744629 -4.219400405883789 -0.10210950672626495 0.0
Dust 0.17779600620269775 0.17906427383422852 0.6069011688232422 28.861900329589844 -7.528958320617676 0.4838399887084961 0.0
Dust 0.5548940300941467 1.9072480201721191 0.7730464935302734 17.845596313476562 -5.843532562255859 0.22106300294399261 0.0
Dust 1.9790678024291992 1.5435972213745117 1.624532699584961 22.98767852783203 -8.142534255981445 3.4312849044799805 0.0
Dust 2.151625871658325 0.9691276550292969 1.7053775787353516 16.927391052246094 -8.634692192077637 1.052446961402893 0.0