Stone 2.1394303442353286 1.8861119636210772 1.342811256049381 118.48944212355795 -16.36120282083369 2.4291542432219217 -0.31415926535897987
Stone 1.0144228367143593 1.1707461067211018 0.8924581383634693 56.11377299210121 -17.540831013126564 -1.6882434154038526 -0.2879793265790643
Stone 0.8947256323076557 0.8947632446502962 0.8750634945762363 57.17725195745855 -24.82091319514835 -1.7228455704677266 -0.7388052020240804
Dust 5.52495902126543 10.641244655268626 34.447605931827006 24.930945045259783 -7.387190905629492 0.8741515211766743 -3.1375507181739493
Dust 1.6977180242538452 1.7272131443023682 2.8307242393493652 10.093064069747925 -7.004700779914856 0.3020760416984558 0.0
Dust 2.2126500010490417 1.3610949516296387 0.40079689025878906 17.049691200256348 -10.476796388626099 0.7026999890804291 0.0
Dust 3.2345940470695496 4.959617376327515 6.62390661239624 17.762208223342896 -6.526964545249939 0.5618300139904022 0.0
Dust 1.9838979244232178 1.3379178047180176 2.029844284057617 22.779407501220703 -7.1557111740112305 0.20691797137260437 0.0
Dust 0.876272976398468 1.2952537536621094 0.6906356811523438 41.39982223510742 -11.613554000854492 -0.6248635053634644 0.0
Dust 3.7089879512786865 4.394048690795898 1.748617172241211 26.313587188720703 -5.756608486175537 0.4356449842453003 0.0
Dust 0.3546609878540039 1.043947696685791 1.1922073364257812 34.71625900268555 -7.873553276062012 0.1248364970088005 0.0