Truck 8.700537776265904 9.771738976092369 15.136278998824569 37.92883429687072 10.398078335995478 -0.045625162465192964 0.4304943580939989
Truck 10.044734623933419 10.439880383290443 17.68232272526821 82.31938594936446 35.19129420974059 0.9570425286415143 2.6609945414436944
Engineering 22.401351194129283 14.892641232793665 32.483089152702206 93.75527833244405 45.260678907947636 7.039876570575383 -1.2682289806036104
Stone 1.084773227776514 1.373932709760114 1.4483161825974498 49.9860183320302 41.4546237658692 -3.1147964886721153 -1.4398966328953213
Dust 8.006527357233512 33.72460790834525 49.62407832730769 18.566300274410562 -6.278055595437338 -0.8164245749180257 -1.1341720458513023
Dust 2.8753093148435758 13.067940517799872 3.345704197823641 28.81057332714795 18.949870574264196 -1.748829462432004 0.4636271067696007
Dust 10.742047780681952 6.095152560894091 27.887611503577187 48.54859823869617 15.693217669660358 3.1698208208859513 -1.2428432865971049
Dust 2.568399429321289 13.37006614550816 3.590582688880535 51.095251536837715 -5.346919976434067 6.940981864929199 0.47794589995722275
Dust 11.211153724748124 30.76002582640892 68.60979269005837 95.67987254317137 -51.46279720441628 7.337747565910207 1.1780972450961724
Dust 7.274240016937256 44.5939998626709 31.054325103759766 22.336055755615234 -1.9696245193481445 -0.4502807855606079 0.0
Dust 0.9263989627361298 4.5271360874176025 2.4626396894454956 2.845862925052643 0.08639389276504517 -0.45698748528957367 0.0
Dust 0.5127819776535034 1.0708894729614258 0.5997028350830078 16.297889709472656 -9.445043563842773 -0.9507070183753967 0.0
Dust 0.15490198135375977 0.1655864715576172 0.19969749450683594 19.433452606201172 -9.806323051452637 -1.1314079761505127 0.0
Dust 0.5437369346618652 0.3138561248779297 0.3296165466308594 29.494338989257812 18.61935806274414 -2.4887335300445557 0.0
Dust 0.290114164352417 0.23631954193115234 0.3998746871948242 15.085376739501953 12.615793228149414 -3.266961097717285 0.0
Dust 0.5222710371017456 0.6365547180175781 1.9112091064453125 45.898040771484375 19.945133209228516 0.4940274953842163 0.0
Dust 0.5501779913902283 0.8919963836669922 0.6717567443847656 46.472450256347656 18.542667388916016 -0.5368939638137817 0.0
Dust 0.36470985412597656 0.5453567504882812 0.18131256103515625 49.37629318237305 5.022677421569824 5.143807888031006 0.0
Dust 0.7258768081665039 1.2034640312194824 0.5447463989257812 49.296085357666016 -0.38098299503326416 6.019720554351807 0.0
Dust 0.32105445861816406 0.8781356811523438 0.9561042785644531 52.803565979003906 -10.242280960083008 7.85649299621582 0.0
Dust 0.2875939607620239 0.6055355072021484 0.9334030151367188 38.94304275512695 -17.408329010009766 -1.6414880752563477 0.0
Dust 0.3472118377685547 0.6499443054199219 0.39861297607421875 92.59722900390625 -56.915794372558594 11.58226490020752 0.0