Stone 0.6600656148654738 0.8282118690548653 0.666078745014086 28.498561722200712 21.077762709287416 -2.403300525900597 -0.11378712431442195
Stone 0.6 0.6 0.6 21.35794161699692 21.590939874936353 -2.760000000000001 -0.11378712431442559
Stone 0.44609637991851725 0.6 0.6 23.568332502317844 10.481763668348435 -2.643757144897664 -0.1137871243144256
Car 1.977082073688507 2.3041729032160077 5.2576929525810385 4.413914482710928 -2.9073127110698547 -2.2939771160410354 -2.353362586221781
Dust 3.09632595424137 4.8229024708636485 11.056578243293844 10.221255162470474 2.8051558889218997 -2.0938619953606614 -2.362034212548469
Dust 2.9505645283080746 2.7259202957680935 5.414051538486968 16.860939692177084 6.351310774319258 -0.7885586236905242 3.1284996238925387
Dust 3.118836791506846 3.773717346292929 3.212106367943727 22.37494280162891 7.371071208057864 -0.5542053735213671 3.0543261909900763
Dust 3.7709412619985385 1.7082281650544442 3.150832958003392 27.334217351569674 6.4685115235810295 -0.01532394635266257 2.2911239810812716
Dust 1.6082499623298645 1.6317658403086064 5.387383168902758 32.41086365950937 2.5243740823667284 -1.3422919595241545 2.308577273601215
Dust 3.8375890254974365 9.598731994628906 13.326831340789795 12.653119325637817 3.5175857543945312 -1.5666495561599731 0.0
Dust 0.2218550443649292 0.0027360916137695312 0.12984466552734375 33.98851776123047 1.1236129999160767 -1.7440345287322998 0.0
Dust 0.07786601781845093 0.0009758472442626953 0.09780502319335938 31.135921478271484 3.8447561264038086 -1.0370999574661255 0.0
Dust 0.638327956199646 0.8163766860961914 0.29947662353515625 28.08346176147461 5.578969478607178 -1.4403679370880127 0.0
Dust 2.8919210135936737 3.655773162841797 2.938222885131836 22.44088649749756 7.418372631072998 -0.4407475143671036 0.0
Dust 1.0299609899520874 0.9247002601623535 1.1680831909179688 27.211811065673828 7.123623847961426 0.8561975359916687 0.0