Stone 0.6600656148654738 0.8282118690548653 0.666078745014086 28.329661073598153 21.097064805072524 -2.413300525900597 -0.11378712431442195
Stone 0.6 0.6 0.6 21.1756993839265 21.58157139130777 -2.7900000000000014 -0.1137871243144256
Stone 0.44609637991851725 0.6 0.6 23.418876521717912 10.539103967117125 -2.643757144897664 -0.11378712431442557
Car 1.977082073688507 2.3041729032160077 5.2576929525810385 12.542371528756611 2.5124612419978147 -2.2062036186144507 -2.8964001476520638
Dust 2.6542750519241776 3.221758020783659 4.862806971982945 17.43789248880723 3.917543546069824 -1.6608381935268826 -2.942207089190907
Dust 1.1272730827331543 1.3330344009331099 4.3260130341936485 13.096847770342704 4.434773904023352 -2.4855915164947513 -2.9121142125978823
Dust 2.969294842347031 1.3179869555059958 3.80224872105268 21.883018073919125 3.808204243891819 -1.3635127415695778 2.408556140919562
Dust 2.8844010531902313 1.3693290035719343 2.8326238033749824 26.307274481566225 3.056017864275005 -1.0595454970002174 1.9926997986529358
Dust 1.4741508251634137 2.769286882410902 4.441936787320593 31.23738701748122 -0.5319783352561778 -1.5892896291510812 2.8567243424162285
Dust 1.4300329685211182 3.1146180629730225 3.3070850372314453 31.322174072265625 -0.49867498874664307 -1.686822533607483 0.0
Dust 2.7960140705108643 2.013474225997925 2.215902328491211 26.29851531982422 3.151298999786377 -1.1018840074539185 0.0
Dust 2.861109972000122 2.3789422512054443 2.630971908569336 21.951995849609375 3.7707839012145996 -1.3851569890975952 0.0
Dust 0.08386707305908203 0.0051081180572509766 0.07589530944824219 19.318328857421875 3.006378173828125 -2.02457857131958 0.0
Dust 2.6160999536514282 2.771791696548462 7.488794803619385 14.928603410720825 4.066328048706055 -1.8508909344673157 0.0