Stone 0.8797284704386017 0.9325734115442679 1.2184744691204688 28.472112954525176 31.30708211662794 -3.1716388985534016 0.28813651018963893
Obstacle 1.2658444012467998 0.8072173671726093 0.9028210395933036 8.885680952509853 -4.463216738654724 -2.7144315896268387 -0.07688599335631784
Stone 1.0144228367143593 1.1707461067211018 0.8924581383634693 62.218008210232256 -21.51941982762969 -0.6366782403637743 -0.2879793265790643
Stone 1.2565021113775463 1.0340071020193637 1.0524229144281405 62.628900610277014 -28.822763578068134 -0.9746530904634029 -0.7388052020240804
Dust 7.181605151146922 19.646412703726316 19.685176001592932 19.069376294422458 -3.259460532617287 1.8875800048547624 2.439097629662076
Dust 0.263280987739563 1.1908907890319824 0.8972001075744629 6.781947135925293 -4.366751670837402 -0.09810350090265274 0.0
Dust 2.4504640102386475 3.0678939819335938 2.863600254058838 10.548709630966187 -3.1731250286102295 0.29994598031044006 0.0
Dust 2.360351085662842 2.206757068634033 4.597043991088867 18.714374542236328 -3.16902756690979 -0.02636849880218506 0.0
Dust 1.8956999778747559 1.7616479396820068 1.1402740478515625 28.800024032592773 -3.8323798179626465 -0.17972198128700256 0.0
Dust 0.10608702898025513 0.11727619171142578 0.2287445068359375 14.268486022949219 -3.004040002822876 -0.952439546585083 0.0
Dust 3.8723039627075195 3.345604419708252 2.0877323150634766 19.910568237304688 -7.417609214782715 3.0945749282836914 0.0