Truck 8.700537776265904 9.771738976092369 15.136278998824569 37.84820691019809 10.372453223063076 -0.045625162465192964 0.4317215427243077
Truck 10.044734623933419 10.439880383290443 17.68232272526821 82.31938594936446 35.19129420974059 0.9570425286415143 2.6609945414436944
Engineering 22.401351194129283 14.892641232793665 32.483089152702206 95.1266683824897 45.35212439244924 7.039876570575383 -0.9034969437557941
Stone 1.084773227776514 1.373932709760114 1.4483161825974498 49.9860183320302 41.4546237658692 -3.1147964886721153 -1.4398966328953213
Dust 8.149007875576181 33.39052700670342 49.62407832730769 18.32494319104238 -6.365235772900064 -0.8876648340893605 -1.1508320068930664
Dust 2.8753093148435758 11.983060510977696 16.703760986550584 34.76031963249463 22.27882105368815 -1.6140795544438924 0.4636271067696007
Dust 3.2779109477996826 2.9319199123855126 3.118047476147974 47.106194238519926 4.803615919278195 5.154717564582825 0.34033920413889424
Dust 6.3129772543907166 38.94833946228027 32.231553077697754 17.659955501556396 1.3849191665649414 -1.2804825603961945 0.0
Dust 0.2951829433441162 0.32717227935791016 0.20400238037109375 23.283525466918945 -14.384384155273438 -2.176238536834717 0.0
Dust 2.0280399322509766 3.8129138946533203 1.0970382690429688 40.848968505859375 22.646862030029297 -1.630784034729004 0.0
Dust 0.5189369916915894 1.1442451477050781 0.45723724365234375 32.958560943603516 21.07877540588379 -2.247006416320801 0.0
Dust 0.7837798595428467 0.23808860778808594 0.5166969299316406 32.65618133544922 22.97956085205078 -2.8573241233825684 0.0
Dust 2.0309269428253174 1.2153000831604004 1.1953048706054688 46.71630096435547 5.105384826660156 4.531225681304932 0.0
Dust 0.12361478805541992 0.2979300022125244 0.20449066162109375 46.6712760925293 3.565323829650879 6.629657745361328 0.0