Truck 8.700537776265904 9.771738976092369 15.136278998824569 37.71382793241071 10.329744701509298 -0.045625162465192964 0.4337668504414892
Truck 10.044734623933419 10.439880383290443 17.68232272526821 82.31938594936446 35.19129420974059 0.9570425286415143 2.6609945414436944
Engineering 22.401351194129283 14.892641232793665 32.483089152702206 96.10801389151001 45.426950027759176 7.039876570575383 -0.6737455547583049
Stone 1.084773227776514 1.373932709760114 1.4483161825974498 49.9860183320302 41.4546237658692 -3.1147964886721153 -1.4398966328953213
Dust 8.324234970556509 33.72460790834525 49.62407832730769 17.515947469715456 -6.692154862896814 -0.9752783815795238 -1.1785986086293399
Dust 2.8753093148435758 13.067940517799872 8.484627110016381 29.209815902914865 20.28841214553039 -1.716977588423212 0.4636271067696007
Dust 2.8753093148435758 13.067940517799872 8.484627110016381 50.24278459646759 -11.884896798779815 5.3759018619185674 0.4636271067696007
Dust 5.8370678424835205 37.481141567230225 30.803061485290527 17.01965856552124 -5.394716501235962 -1.3530939817428589 0.0
Dust 0.28450512886047363 0.10124588012695312 0.3825531005859375 31.440996170043945 15.291412353515625 -2.793229579925537 0.0
Dust 0.4198729991912842 1.5583744049072266 0.7276973724365234 26.277976989746094 14.896093368530273 -3.0507354736328125 0.0
Dust 0.5455951690673828 1.518941879272461 0.5927753448486328 30.707469940185547 17.531768798828125 -3.083735466003418 0.0
Dust 0.3778200149536133 0.7579717636108398 0.7791748046875 49.71208190917969 -10.822748184204102 5.390565872192383 0.0
Dust 0.22811806201934814 0.2500944137573242 0.3346080780029297 15.601983070373535 -13.925506591796875 -1.8261909484863281 0.0