Stone 0.8797284704386017 0.9325734115442679 1.2184744691204688 30.033893985789746 31.325383098483144 -2.843436752423668 0.28813651018963893
Obstacle 1.2658444012467998 0.8072173671726093 0.9028210395933036 10.410726054620682 -4.442385215410468 -2.4494315896268386 -0.07688599335631784
Stone 1.0144228367143593 1.1707461067211018 0.8924581383634693 63.51748862467968 -21.944468172763255 -0.5217667738361715 -0.2879793265790643
Stone 1.2565021113775463 1.0340071020193637 1.0524229144281405 64.12719395766804 -29.137278977506426 0.056821815645282964 -0.7388052020240804
Dust 6.51040890238101 16.567394877591685 18.272942866382298 18.223512368427023 -2.994111115235122 2.149000001094994 2.5045474766118634
Dust 3.5089468735650406 6.463947214499053 5.658584044066009 5.280501150698478 -0.42224704933792667 -1.2648564415715753 2.5153451752459333
Stone 0.40033733761080414 0.4081492202682925 0.42724299578402813 10.217843968353181 -10.580187946282546 -2.711948159669814 -0.03410753048221879
Dust 5.847804069519043 3.1560583114624023 1.7912673950195312 20.705759048461914 -6.450414180755615 2.1727747917175293 0.0
Dust 1.6882280111312866 1.7877731323242188 2.377351760864258 2.975071907043457 -1.3377745151519775 -0.8213769793510437 0.0
Dust 4.483671128749847 5.3185847997665405 5.439992427825928 9.05638313293457 -0.7787184119224548 -0.9757205545902252 0.0
Dust 1.2876299619674683 0.975288987159729 1.5217056274414062 18.42844009399414 -2.2632875442504883 0.38001900911331177 0.0
Dust 0.301052987575531 0.38530397415161133 0.6152210235595703 29.378108978271484 -2.6031880378723145 -0.06751250475645065 0.0
Dust 0.8002780675888062 1.204272747039795 0.7542610168457031 24.472061157226562 -6.113282203674316 1.6471209526062012 0.0