Stone 0.6600656148654738 0.8282118690548653 0.666078745014086 28.425324146415527 21.082777326124187 -2.4149671925672633 -0.11378712431442195
Stone 0.6 0.6 0.6 21.24581441852115 21.578591135649503 -2.785000000000001 -0.11378712431442561
Stone 0.44609637991851725 0.6 0.6 23.478914511881342 10.491982424940261 -2.643757144897664 -0.1137871243144256
Car 1.977082073688507 2.3041729032160077 5.2576929525810385 9.874050678798419 1.4052194229889006 -2.2959376415661694 -2.644743347927913
Dust 1.0939788818359375 1.4974350461194588 3.849051777212413 9.794433023695094 3.498257518208752 -2.721343517303467 -2.606668792622082
Dust 2.909372955560684 4.441385756686868 4.796284482307936 13.95650189237548 4.498798536112087 -1.6456863174193046 -2.6699186307000278
Dust 0.9669411182403564 1.5223954928913668 0.714531800043364 19.11873059975876 3.9305677630757465 -1.7366615533828735 1.387536755335492
Dust 2.733715481799224 2.3760598222139997 4.323673609024625 22.00258074651959 4.7517211177925756 -0.9964646184238886 2.3088101057954376
Dust 3.3454559445381165 1.9049023429366079 3.4847986467816634 26.441300250069947 4.437214230783658 -0.705268825888633 2.3000834595354656
Dust 1.5831774742438876 1.4728221875560727 3.4441722968079596 32.132068027885495 0.2172144170380555 -1.4571912845455368 -3.1013442806869205
Dust 1.4531238079071045 1.1483269929885864 2.782062530517578 32.16767883300781 0.19698350131511688 -1.4696329832077026 0.0
Dust 2.9621449410915375 2.9334737062454224 1.9864482879638672 26.4765625 4.48680180311203 -0.8816135078668594 0.0
Dust 2.5884320735931396 3.1952261924743652 2.578218460083008 22.213287353515625 5.088700294494629 -1.067587971687317 0.0
Dust 2.9284400939941406 3.6843268871307373 8.08596420288086 12.647012710571289 3.8865723609924316 -1.7596149444580078 0.0
Dust 0.9669411182403564 0.7565310001373291 1.419036865234375 19.100425720214844 4.00466251373291 -1.7366615533828735 0.0