Car 2.3171420069304887 2.481154314443436 5.040340473601085 35.541549286206134 -11.45568691774641 -0.305636846514105 -0.6719517620178177
Obstacle 3.070847799073035 0.8156996274127509 0.9475910074497165 29.350203355429834 -1.5136730835424226 0.062197826057403885 -0.31706998319322605
Obstacle 2.0403656499504534 0.8234688762419853 1.4216332675874408 33.22491474004672 -4.049391681421459 -0.15097921975689382 -0.2385301668534796
Obstacle 3.0597764972761423 0.86443123002157 1.0123207446112632 17.389177664003675 -9.493460352292097 0.24188664821193626 -0.2385301668534801
Obstacle 1.987142229038152 0.5373047545618712 1.3056559472639462 30.10041209403338 -13.734937446685027 0.4748554563312107 -0.06745583966118157
Obstacle 2.0553747132203677 0.9461798043316993 0.7038959612785501 31.229371335645823 -15.18137069842685 0.25806726231086863 -0.04363323129985811
Obstacle 2.9082445735864457 0.9788040594965648 1.3953013604536701 41.52765091211499 -5.7662502530064845 1.0293962709308782 -0.08149166593912827
Obstacle 3.0759932609770235 1.587155486170891 1.2498503048410008 39.044731087759914 -19.337399009406173 0.5784798619855818 2.652900463031381
Obstacle 2.5315892225099854 2.108019889068737 1.3818196319865075 66.19742083628532 -21.45510897934664 4.051961063029707 -2.695170155853118
Obstacle 2.2054699788893095 0.9991098342952555 0.6319564583204632 10.45495287447123 -7.276767400218749 -0.6812278929238955 -0.21816615649929144
Obstacle 1.6002852088868758 0.29151886141346867 0.9768909531720216 9.737120072198739 -6.5570508587550815 -1.1135843166381048 -0.16865794078552523
Obstacle 2.2735168526375777 0.9447469870777874 0.9578650624685641 8.231134278593386 -6.528499518496148 -0.7046066130905834 -0.17738458704549626
Dust 0.8738179216663036 1.633617642806807 1.352619440323199 2.044712036807495 -1.4475214875878026 0.21060042864350584 -0.026179938779915347
Dust 0.5822660326957703 0.7373000383377075 0.7872859239578247 2.021759033203125 -1.4217529296875 0.23212400078773499 0.0