Stone 0.5498596581823586 0.64402374670713 0.6148170331514813 37.47005094511405 -18.554832639797496 -2.082522498294651 -0.2460339083439882
Stone 0.6793052389274136 0.960390096122341 0.7452157819574126 38.72034863859714 -21.93269915415931 -1.9656457153748212 -0.4974188368183842
Stone 0.46514834588425524 1.014408337845242 0.8665030820426665 30.026205349612916 -29.0589477077001 -2.287095430480012 -0.2460339083439882
Stone 0.5498596581823586 0.64402374670713 0.6148170331514813 32.200343052845255 -30.14227835019483 -2.12252249829465 -0.2460339083439882
Stone 0.6431855722368238 0.7062410227434401 0.6472392822128488 29.15631560593792 -33.723424135011555 -2.0958595412674175 -0.2460339083439882
Stone 0.5965226152095913 0.846229893825138 0.6148170331514813 37.17219424694122 -25.203696386935917 -1.9991910197810336 -0.2460339083439882
Stone 0.581408293636652 0.8488698784419682 0.7670831210548372 38.444502117747106 -24.2667334581256 -1.9423024995765807 -0.3245737246837331
Stone 0.6609085665530372 0.7529039797706728 0.7002723897366262 49.20033926307815 -21.218483856104285 -1.5210199253751007 -0.2460339083439882
Stone 0.5986846143216398 0.8253060942907354 0.6420842305887968 37.63381856502019 -22.182251821721366 -2.049543853426801 -0.49085889883996675
Car 2.487196358973692 2.51716179662646 5.967953600292536 15.54794334469286 1.2917650729948524 -2.131196094506226 0.4450589592585541
Stone 0.42823866065635324 1.6076889465805129 0.9237032561024952 31.139169105175807 6.552234927547943 -2.447310064174206 -0.5350686104895175
Stone 2.1394303442353286 1.8861119636210772 1.342811256049381 75.60505886435112 -15.759624446181078 1.542007136937531 0.5497787143782142
Dust 1.4085494846659066 4.059626023119243 2.437857969515058 5.152202648386499 -1.8084721962344692 0.7690280662922963 1.1328481622731126
Dust 2.393053114414215 6.424204335682636 9.773275192228954 10.01890337805711 -4.970013140311222 -1.691627053022384 0.5061454830783559
Dust 2.6199949383735657 7.620484352111816 6.915615081787109 11.196526527404785 -3.904911994934082 -1.8649193942546844 0.0
Dust 0.7201049327850342 1.0354928970336914 1.4752860069274902 6.053827285766602 -5.1068196296691895 -1.8407734632492065 0.0
Dust 0.8434129357337952 2.3127408027648926 3.297616720199585 4.952552318572998 -1.92354154586792 0.7652645111083984 0.0