Car 2.487196358973692 2.51716179662646 5.967953600292536 4.930164927973614 5.596602882121432 -1.8554488377759286 3.0549662728600113
Stone 0.8797284704386017 0.9325734115442679 1.2184744691204688 38.18448367990177 33.47311330507149 -0.27080685778241176 0.28813651018963893
Obstacle 1.2658444012467998 0.8072173671726093 0.9028210395933036 20.401903516208154 -3.3364575666411684 -1.7594315896268387 -0.07688599335631775
Dust 4.385282699012835 5.145687906750463 11.433483584614995 46.50958675542514 -3.9746747056050102 2.0149167967209305 3.0431276655773005
Dust 0.7140321912405888 0.9586231304844659 1.324718525027765 7.058675865765952 3.6894306008476154 -2.5384478525060987 3.0453689201673
Dust 4.385119785422995 5.419832662630762 12.339105599760355 30.99177899604926 0.134257655185494 0.9616235693340647 2.897246558310587
Dust 3.41417583072419 4.212862493606799 12.99195775553269 14.351129583131724 4.126216144037747 -1.5223329036852795 3.029645594181409
Stone 0.40033733761080414 0.4081492202682925 0.42724299578402813 20.449442981082488 -9.512877983001616 -1.9278655178892672 -0.03410428640875527
Dust 3.891385957598686 2.9896680116653442 2.5824432373046875 49.53812789916992 -4.680373132228851 1.5756999626755714 0.0
Dust 0.25220489501953125 0.20613908767700195 0.19295501708984375 35.5998649597168 -3.4933645725250244 -1.368296504020691 0.0
Dust 2.3612849712371826 2.1438698768615723 2.883026123046875 44.83305358886719 -3.457463026046753 0.763251543045044 0.0
Dust 4.031853675842285 5.049803733825684 2.903806686401367 27.135047912597656 0.9159220457077026 0.5410679578781128 0.0
Dust 3.174989975988865 4.369605302810669 14.269859313964844 13.61275863647461 4.053245663642883 -1.4030099920928478 0.0
Dust 0.6752439737319946 0.37658607959747314 0.39049720764160156 30.930591583251953 1.7175240516662598 0.46418100595474243 0.0
Dust 0.6686588525772095 1.5308970212936401 0.9117469787597656 34.65214538574219 -0.8917204737663269 2.0580785274505615 0.0
Dust 0.08797192573547363 0.23142600059509277 0.25867462158203125 36.513973236083984 -1.3816759586334229 2.377185821533203 0.0
Dust 0.5692750215530396 0.5435309410095215 0.5409126281738281 41.71562194824219 -4.94724178314209 0.8907834887504578 0.0