Obstacle 1.2658444012467998 0.8072173671726093 0.9028210395933036 65.39364386060177 4.701325934939986 4.219307102920004 -0.07688599335631849
Dust 3.519170456734938 9.79929349722769 17.038320570341902 16.68368829085319 -0.5414430951004244 1.1271849455728835 0.17099054009357223
Dust 3.4584970345573653 4.206185106859639 11.69327619019718 32.7460959362855 -0.7039291709671007 2.3905634849614366 0.3748238067091762
Obstacle 1.3997738564496771 0.7825295672326695 0.6513643459262873 33.493041156409205 4.869969641363502 0.47645891828091463 -0.2594156687403045
Dust 3.3566650111896967 4.035667279339151 12.84431768598365 72.89760948257654 8.662171728344354 6.9805585865585345 0.23561944901923515
Dust 2.5758039951324463 4.361728668212891 2.3258657455444336 16.747970581054688 -3.2136545181274414 0.8446289300918579 0.0
Dust 0.597419023513794 1.1059809923171997 0.6438674926757812 20.78929615020752 -1.862179458141327 -0.24333550035953522 0.0
Dust 0.2990879416465759 0.5966479778289795 1.385441780090332 10.45319938659668 2.641800880432129 1.1131459474563599 0.0
Dust 2.1659460067749023 1.227086067199707 1.5636749267578125 77.18643188476562 10.95315170288086 6.619208812713623 0.0
Dust 1.3813400268554688 3.9899864196777344 2.0807342529296875 68.60469055175781 7.493616104125977 5.693150043487549 0.0
Dust 2.72644305229187 3.9178380370140076 4.373889446258545 11.7021005153656 -0.9754010736942291 0.9827395677566528 0.0
Dust 2.301401138305664 2.76459002494812 2.225128173828125 37.404762268066406 0.8804980516433716 2.535024404525757 0.0
Dust 1.8242459297180176 3.308493137359619 2.0714588165283203 23.680103302001953 -0.7214944958686829 1.175926923751831 0.0
Dust 2.0168190002441406 2.188170909881592 1.7284622192382812 28.056547164916992 -1.9495205879211426 1.655320405960083 0.0
Dust 0.2575889229774475 0.20499199628829956 0.3615989685058594 31.8826961517334 -1.0757319927215576 0.9045615196228027 0.0
Dust 0.045435965061187744 0.1300525665283203 0.1419210433959961 10.802631378173828 -4.804008483886719 0.5614750385284424 0.0