Car 2.487196358973692 2.51716179662646 5.967953600292536 79.17540103840243 7.2736294410622735 8.670071530937998 0.12219771685446433
Stone 0.7138643773217663 0.7803623649965619 0.8161133775283342 20.393482503627453 -21.252580991970916 -2.6140052591349927 0.1308996938995747
Dust 3.007350510265142 5.658549984529978 7.132541545793194 17.78845496490108 -1.7157039928041613 1.2650438758587201 0.11841922118381908
Dust 3.278587059499905 3.6687725478512228 7.7199315578333 30.432427612553415 -1.057115657177791 2.336411431053136 0.15601776690247107
Obstacle 1.3997738564496771 0.7825295672326695 0.6513643459262873 40.553096699024536 3.485525404855707 2.3846906115873896 -0.2594156687403045
Dust 2.4576700587313507 4.450118126776385 7.018367508220096 38.870651314727326 -0.4299262441717592 3.5117480521479543 0.23561944901923493
Dust 2.9038031775525823 6.281294767354715 7.796501004693778 53.11644255663338 0.9879337760518985 5.868374099545905 0.1318714121937341
Dust 3.20138303470358 4.0294504267485936 7.008345017318073 69.30858611083022 4.898364284721993 8.36322971735036 0.3035811037478434
Dust 0.6341243082171868 1.6070981684861794 0.9117156233127279 9.441558973784224 -10.293870049191147 -0.08394512682281662 -0.062092067954260304
Dust 0.07209700345993042 0.3161592483520508 0.3197793960571289 9.523494720458984 -10.100688934326172 0.014559500850737095 0.0
Dust 2.343514919281006 2.8350391387939453 1.1692390441894531 20.8684139251709 -2.4194774627685547 1.0599055290222168 0.0
Dust 3.001026153564453 2.076083183288574 3.2022781372070312 70.42890930175781 5.20907735824585 7.880451202392578 0.0
Dust 0.9663581848144531 0.9345278739929199 0.64617919921875 67.38774871826172 3.821873903274536 6.83559513092041 0.0
Dust 2.5437192916870117 2.806544065475464 1.8326263427734375 50.52726745605469 1.6981769800186157 5.437066555023193 0.0
Dust 0.9217360019683838 0.7924690246582031 0.9059982299804688 41.208106994628906 1.642080545425415 3.0179362297058105 0.0
Dust 2.0931529998779297 2.770094871520996 2.6753149032592773 16.34110975265503 -0.7887725234031677 1.0488145351409912 0.0
Dust 2.7575279474258423 2.689789056777954 1.9799766540527344 28.28131866455078 -1.029753565788269 1.958445966243744 0.0
Dust 1.5195881128311157 1.8479199409484863 3.303773880004883 32.39669418334961 -0.9478340148925781 2.170957088470459 0.0
Dust 0.3909792900085449 0.7240099906921387 0.7152442932128906 56.27406311035156 -1.1289609670639038 6.528958320617676 0.0
Dust 0.6330020427703857 0.9785110950469971 0.5843963623046875 36.27775955200195 -2.360163688659668 4.062985897064209 0.0