Stone 0.5498596581823586 0.64402374670713 0.6148170331514813 37.51078029671703 -18.723842198786805 -2.175855831628004 -0.2460339083439882
Stone 0.6793052389274136 0.960390096122341 0.7452157819574126 38.75440280171756 -21.951189056120448 -1.9656457153748212 -0.4974188368183843
Stone 0.46514834588425524 1.014408337845242 0.8665030820426665 30.038101475942767 -29.186498363248113 -2.287095430480012 -0.2460339083439882
Stone 0.5498596581823586 0.64402374670713 0.6148170331514813 32.20034305285003 -30.14227835019952 -2.12252249829465 -0.2460339083439882
Stone 0.6431855722368238 0.7062410227434401 0.6472392822128488 29.172645409800907 -33.74469211927833 -2.0491928746007506 -0.2460339083439882
Stone 0.5965226152095913 0.846229893825138 0.6148170331514813 37.17219424694122 -25.203696386935917 -1.9991910197810336 -0.2460339083439882
Stone 0.581408293636652 0.8488698784419682 0.7670831210548372 38.444502117747106 -24.26673345812091 -1.9423024995765807 -0.32457372468373286
Stone 0.6609085665530372 0.7529039797706728 0.7002723897366262 49.18486612378638 -21.381915616292346 -1.5082557625827522 -0.2460339083439882
Stone 0.5986846143216398 0.8253060942907354 0.6420842305887968 37.63381856502019 -22.182251821721366 -2.049543853426801 -0.49085889883996675
Car 2.487196358973692 2.51716179662646 5.967953600292536 7.195377816526824 3.4368407779879604 -2.3643136745918314 -0.18325957145940483
Stone 0.42823866065635324 1.6076889465805129 0.9237032561024952 31.13916910517719 6.552234927546657 -2.447310064174206 -0.5350686104895175
Stone 2.1394303442353286 1.8861119636210772 1.342811256049381 75.6050588643509 -15.759624446181068 1.542007136937531 0.549778714378214
Dust 1.5545981079124696 3.184411929146918 2.7984670344449625 2.2479225760230293 -1.4009428580051337 -0.1954626488729838 3.115412714809878
Dust 0.11511498689651489 0.29938197135925293 0.2834479808807373 2.462740898132324 -1.8501110076904297 -0.24018549919128418 0.0