Obstacle 1.2658444012467998 0.8072173671726093 0.9028210395933036 66.9606587081679 4.362267449889968 5.335145666215732 -0.07688599335631863
Dust 3.7670330616462735 7.706034943881868 12.659594031035853 16.088364644358634 -2.1350325076603296 1.4042133485896588 0.15784771036613393
Dust 2.8140421129220727 5.4528037824048905 6.547516561893265 26.920470310893176 -0.7598344434269007 1.7151120975890723 0.3201222967575
Obstacle 1.3997738564496771 0.7825295672326695 0.6513643459262873 35.187775761032334 4.4079619885485295 1.4139541387447923 -0.2594156687403045
Dust 3.030754478644928 6.870988680453156 5.427822083089795 40.99649528790474 0.35956925648641413 3.79214419261709 0.47123889803846997
Dust 3.991733433314247 2.0389463800453296 5.7229743686694885 70.65202719623662 7.4504487151370755 7.899522500482718 0.23561944901923504
Dust 0.8319750428199768 1.1933619976043701 1.0098304748535156 21.65648651123047 -1.4453579187393188 0.38342049717903137 0.0
Dust 0.36238574981689453 0.5044097900390625 0.1789093017578125 72.43590545654297 8.054634094238281 8.846399307250977 0.0
Dust 1.5065503120422363 0.9004416465759277 1.4268875122070312 69.30142211914062 7.268121719360352 6.375849723815918 0.0
Dust 2.640378952026367 3.76877498626709 2.9039535522460938 12.294894695281982 -0.7493634819984436 1.3724365234375 0.0
Dust 1.7107200622558594 2.6126410961151123 2.115081787109375 38.77077865600586 1.1522325277328491 3.3976521492004395 0.0
Dust 1.7713429927825928 3.4992520809173584 1.8284587860107422 25.031997680664062 -0.5070210695266724 1.4875534772872925 0.0
Dust 0.3528461456298828 0.5487909317016602 0.5307121276855469 43.82219696044922 -1.001523494720459 4.351027965545654 0.0
Dust 1.01997709274292 1.5914390087127686 2.425954818725586 29.362850189208984 -1.427045464515686 2.0969254970550537 0.0
Dust 2.511284112930298 4.29699182510376 2.1436214447021484 17.768009185791016 -3.0869739055633545 1.2243269681930542 0.0
Dust 0.1912279725074768 1.36580228805542 0.5523529052734375 11.722831726074219 -4.784877777099609 1.0369009971618652 0.0