Car 3.2222570691637356 2.1816045440668606 5.055309684682115 41.654137656995715 6.22155409536687 -2.5542891034137547 0.23347393803784722
Dust 6.831921815872192 17.942930067875217 18.809741277731543 9.286877511348758 -4.638131292111325 1.3184787779229505 0.35527008835644347
Stone 0.9341508071761673 1.1359538824972304 0.9092742416462011 48.52607471493953 -10.598313323651617 -1.9232980334464977 -0.6544984694978737
Stone 1.5034597615231715 0.9018743873222911 1.2085716697876496 48.80820296035564 -18.7201866305468 -1.6816085414736426 0.3047182240844344
Stone 0.48374540531904114 0.5053593800540052 0.7826425428593495 61.84504107298514 -5.605032975518725 -2.7481891588041907 0.3667498134714773
Dust 5.86053873658258 6.010002902434338 12.650739657665113 30.052331157569512 1.2002918247588188 0.027024739058814015 -2.6377030756364164
Obstacle 2.862348653445084 1.870605294594673 2.139709477619306 108.80188738112811 -5.380756117299407 0.24384046755173205 0.445058959258554
Dust 1.9664939641952515 1.7946579456329346 2.993915557861328 28.578309059143066 0.634132981300354 -1.5839889645576477 0.0
Dust 1.4306470155715942 2.5629180669784546 2.859865188598633 33.49288272857666 2.3517430424690247 -1.0632245540618896 0.0
Dust 0.4387979507446289 0.8968319892883301 1.5640850067138672 27.105552673339844 -2.5313620567321777 1.680770993232727 0.0
Dust 0.7986500263214111 3.140040874481201 2.268604040145874 3.1901168823242188 -2.081629514694214 0.5338259935379028 0.0