Truck 8.700537776265904 9.771738976092369 15.136278998824569 37.90195850131295 10.389536631684678 -0.045625162465192964 0.4309034196374351
Truck 10.044734623933419 10.439880383290443 17.68232272526821 82.31938594936446 35.19129420974059 0.9570425286415143 2.6609945414436944
Engineering 22.401351194129283 14.892641232793665 32.483089152702206 94.21240834912601 45.29116073611476 7.039876570575383 -1.1466516349876719
Stone 1.084773227776514 1.373932709760114 1.4483161825974498 49.9860183320302 41.4546237658692 -3.1147964886721153 -1.4398966328953213
Dust 8.340608258875337 33.557567457524335 55.09587937095794 19.654065565646462 -8.7805365704507 -0.9834650257389381 -1.139725366198557
Dust 2.8753093148435758 13.067940517799872 3.345704197823641 27.84537224223468 18.64640478320449 -2.0463937171536943 0.4636271067696007
Dust 5.320407594023674 9.873614298048434 25.03385965723272 49.937448355564676 32.22036644264098 -0.21909252855369543 -1.0946285189330227
Dust 0.5152270793914795 1.6003819203031484 2.404767363315615 48.82811794021399 8.406922885546416 3.9065405130386353 2.1205750411731104
Dust 1.043388932226774 2.05280003810476 2.290028412521594 48.62283854029205 -0.24145432675809853 6.838653092306354 0.3945649808400653
Dust 0.7850100994110107 0.6092685363541613 1.8690800998441803 36.452821752439185 20.850108119132706 -2.556625008583069 1.2828170002158323
Dust 4.458159923553467 5.965993881225586 6.967455148696899 5.092028737068176 -0.22846496105194092 -1.365792989730835 0.0
Dust 1.4704639911651611 2.462339401245117 1.9213218688964844 39.32439422607422 -21.733592987060547 -1.5722600221633911 0.0
Dust 2.5161890983581543 0.9459981918334961 1.6766014099121094 35.985734939575195 -18.239410877227783 -1.1881625652313232 0.0
Dust 5.494205296039581 37.126004695892334 25.244102478027344 21.883771896362305 2.6930534839630127 -1.4083605706691742 0.0
Dust 0.7850100994110107 1.8102779388427734 0.8633689880371094 36.41992950439453 20.83649444580078 -2.5566248893737793 0.0
Dust 0.573517918586731 0.3969078063964844 0.5031509399414062 51.041969299316406 29.19482421875 -1.7975220680236816 0.0
Dust 0.5166330337524414 1.0951957702636719 1.1538276672363281 48.892066955566406 8.513444900512695 3.9058375358581543 0.0
Dust 0.27787303924560547 0.9027000069618225 0.795562744140625 48.553321838378906 -0.3716600239276886 6.892109394073486 0.0
Dust 0.3866179585456848 0.6443634033203125 0.299102783203125 35.290428161621094 -15.195208549499512 1.055158019065857 0.0
Dust 0.3462599515914917 0.2677021026611328 0.3261260986328125 39.033302307128906 -25.870895385742188 1.3874280452728271 0.0
Dust 0.1079939603805542 0.1432199478149414 0.12723302841186523 5.474157333374023 -4.4751811027526855 -0.5177159905433655 0.0