Truck 8.700537776265904 9.771738976092369 15.136278998824569 37.45812023636805 9.950642931971426 -0.045625162465192964 0.4448115121142677
Truck 10.044734623933419 10.439880383290443 17.68232272526821 82.31938594936446 35.19129420974059 0.9570425286415143 2.6609945414436944
Engineering 22.401351194129283 14.892641232793665 32.483089152702206 92.49800865343468 45.40151927338093 7.039876570575383 -1.1320600657481361
Stone 1.084773227776514 1.373932709760114 1.4483161825974498 49.9860183320302 41.4546237658692 -3.1147964886721153 -1.4398966328953213
Dust 6.99053952447159 33.04896865073145 41.59021932708967 11.269596662998538 -5.161018734766458 -0.30843065853706464 -0.9608737427647828
Dust 2.4242281913757324 5.298172950744629 3.6806278824806213 3.44213005900383 -1.2929844856262207 -0.5240330100059509 0.0
Dust 0.3594520092010498 1.9156084060668945 0.9201574325561523 14.470224380493164 -5.524055004119873 -1.5320899486541748 0.0
Dust 1.1058889627456665 1.477552890777588 1.6112060546875 30.522632598876953 -6.389950752258301 -2.304901599884033 0.0
Dust 0.4522099792957306 0.5629339218139648 0.816133975982666 5.602496147155762 5.563017845153809 -0.20849700272083282 0.0
Dust 0.18222904205322266 0.4723787307739258 0.26661109924316406 30.50881576538086 -9.540718078613281 -2.8958864212036133 0.0
Dust 0.05765700340270996 0.14113664627075195 0.13199615478515625 10.520259857177734 -4.267801284790039 0.465318500995636 0.0
Dust 1.2930900156497955 1.2509156465530396 1.5772860050201416 7.105552077293396 -3.963241755962372 0.3437640219926834 0.0
Dust 0.3755519986152649 0.5723090171813965 1.4572410583496094 6.511319637298584 -5.591529846191406 -1.0215020179748535 0.0