Truck 8.700537776265904 9.771738976092369 15.136278998824569 37.49882156795064 10.261411067023346 -0.045625162465192964 0.4370393427889795
Truck 10.044734623933419 10.439880383290443 17.68232272526821 82.31938594936446 35.19129420974059 0.9570425286415143 2.6609945414436944
Engineering 22.401351194129283 14.892641232793665 32.483089152702206 96.27785987984797 45.45377155104097 7.039876570575383 -0.7095226579713008
Stone 1.084773227776514 1.373932709760114 1.4483161825974498 49.9860183320302 41.4546237658692 -3.1147964886721153 -1.4398966328953213
Dust 7.998340713074097 33.72460790834525 49.62407832730769 16.465594665020262 -7.106254130356547 -0.8123312528383184 -1.1444853550676322
Dust 4.957468032836914 10.773177862167358 9.371078729629517 6.3369444608688354 -1.7414649724960327 -1.2629280090332031 0.0
Dust 0.15761400759220123 0.12403583526611328 0.24107646942138672 15.63998794555664 -14.585653305053711 -0.08091100305318832 0.0
Dust 0.9438340663909912 1.7068023681640625 1.2390155792236328 18.50507354736328 -18.29340362548828 -2.062480926513672 0.0
Dust 4.74827778339386 6.491297483444214 3.54971981048584 13.416722297668457 -9.541357636451721 -1.5668829083442688 0.0
Dust 1.1399869918823242 0.21654272079467773 0.8370990753173828 23.56867218017578 -7.178232192993164 -2.8227155208587646 0.0
Dust 2.515086054801941 1.9241669178009033 1.0129108428955078 22.91172981262207 -3.949285387992859 -2.2350630164146423 0.0
Dust 0.15857195854187012 0.21953892707824707 0.5777683258056641 26.772701263427734 -3.937588691711426 -1.8236010074615479 0.0
Dust 3.147618055343628 5.557391166687012 4.975444793701172 27.052024841308594 -0.22090649604797363 -0.7541509866714478 0.0
Dust 1.155282974243164 0.9285488128662109 0.9821434020996094 25.045703887939453 -11.514962196350098 -2.8629345893859863 0.0
Dust 0.2723681926727295 0.2934274673461914 0.21927261352539062 22.781373977661133 -11.444391250610352 -2.863819122314453 0.0