Stone 0.5498596581823586 0.64402374670713 0.6148170331514813 37.49827107841826 -18.741493686348804 -2.1865224982946745 -0.2460339083439882
Stone 0.6793052389274136 0.960390096122341 0.7452157819574126 38.75621536201244 -21.952173196063768 -1.9656457153748212 -0.4974188368183843
Stone 0.46514834588425524 1.014408337845242 0.8665030820426665 30.0430243626901 -29.17076828057975 -2.287095430480012 -0.2460339083439882
Stone 0.5498596581823586 0.64402374670713 0.6148170331514813 32.20034305285138 -30.142278350200968 -2.12252249829465 -0.2460339083439882
Stone 0.6431855722368238 0.7062410227434401 0.6472392822128488 29.178237406211583 -33.748717184232646 -2.0571928746007506 -0.2460339083439882
Stone 0.5965226152095913 0.846229893825138 0.6148170331514813 37.17219424694122 -25.203696386935917 -1.9991910197810336 -0.2460339083439882
Stone 0.581408293636652 0.8488698784419682 0.7670831210548372 38.444502117747106 -24.26673345811946 -1.9423024995765807 -0.32457372468373274
Stone 0.6609085665530372 0.7529039797706728 0.7002723897366262 49.23441624628988 -21.20550079824278 -1.4918488248340505 -0.2460339083439882
Stone 0.5986846143216398 0.8253060942907354 0.6420842305887968 37.63381856502019 -22.182251821721366 -2.049543853426801 -0.49085889883996675
Car 2.487196358973692 2.51716179662646 5.967953600292536 23.133289697110627 -2.075035169564365 -1.9176470079251644 -0.5486878835957173
Stone 0.42823866065635324 1.6076889465805129 0.9237032561024952 31.13916910517719 6.5522349275465785 -2.447310064174206 -0.5350686104895175
Stone 2.1394303442353286 1.8861119636210772 1.342811256049381 75.6050588643509 -15.759624446181078 1.542007136937531 0.549778714378214
Dust 1.7387563699034811 3.0211182175785805 3.225376839099742 3.4529399494550215 -0.7705604866962711 0.42451484691765184 3.115412714809878
Dust 3.5909280435741495 5.400041899802831 9.761545697346836 9.686230606270959 4.352109094368237 -1.2520484634279516 -0.3849420628009719
Dust 1.8487397784424864 2.6649162926373786 2.436033129831677 18.893010366463674 -0.9981105225296352 -1.903590462364186 -0.5585053606381853
Dust 1.4386310577392578 1.6745129823684692 2.2571258544921875 19.1263370513916 -0.9083674550056458 -1.8944685459136963 0.0
Dust 3.711099073290825 6.3792335987091064 8.324613094329834 9.356695652008057 4.108506798744202 -1.4911175146698952 0.0
Dust 0.900056004524231 2.750493049621582 1.9685728549957275 3.231358528137207 -0.7022194862365723 0.435172975063324 0.0