Car 2.3171420069304887 2.481154314443436 5.040340473601085 32.94427512380503 -10.98323299194297 -1.7654363108803128 -0.7003133623627248
Obstacle 3.070847799073035 0.8156996274127509 0.9475910074497165 21.890639833880705 1.2283024955968944 -0.6318137765331021 -0.31706998319322616
Obstacle 2.0403656499504534 0.8234688762419853 1.1674365280021697 25.80441173030296 -0.4914281823768433 -1.0793455904843479 -0.2385301668534796
Obstacle 3.0597764972761423 0.86443123002157 1.0123207446112632 10.821751520104044 -7.880493512533064 -0.516937923112548 -0.2385301668534801
Obstacle 1.987142229038152 0.5373047545618712 1.3056559472639462 23.80850515117049 -10.622249495308163 -0.5681539869518708 -0.12854236348098266
Obstacle 1.9159812065879887 0.9461798043316993 0.7038959612785501 24.929481005111494 -11.986325772837139 -0.9116294910053218 -0.04363323129985811
Obstacle 2.9082445735864457 0.9788040594965648 1.3953013604536701 34.468446099420326 -1.4444606011546874 0.007363027923822381 -0.08149166593912827
Obstacle 3.0759932609770235 1.587155486170891 1.2498503048410008 33.467925592760444 -15.580320729265118 -0.6005496116195936 2.652900463031381
Obstacle 2.5315892225099854 2.108019889068737 1.3818196319865075 60.802304362778386 -15.316298966737081 1.5947834500550095 -2.5787239698216213
Dust 1.2499738109025211 4.145961589974297 3.6745637553251314 3.5694526337821793 -0.04345584967008688 0.4020827071636652 -0.026179938779915347
Dust 0.40675801038742065 0.6741079688072205 0.5731759071350098 4.3592987060546875 1.0416159629821777 0.5973620414733887 0.0
Dust 0.23311498761177063 0.07662399858236313 0.3186769485473633 3.7021045684814453 0.02629600092768669 0.4023604989051819 0.0
Dust 0.7825770378112793 0.6843479871749878 1.7159708738327026 2.9842546582221985 -1.2543320655822754 0.4886634945869446 0.0