Truck 8.700537776265904 9.771738976092369 15.136278998824569 38.03633747910044 10.432245153238455 -0.045625162465192964 0.42885811192025375
Truck 10.044734623933419 10.439880383290443 17.68232272526821 82.31938594936446 35.19129420974059 0.9570425286415143 2.6609945414436944
Engineering 22.401351194129283 14.892641232793665 32.483089152702206 91.93355151870787 45.13915567603681 7.039876570575383 -1.7525689081763127
Stone 1.084773227776514 1.373932709760114 1.4483161825974498 49.9860183320302 41.4546237658692 -3.1147964886721153 -1.4398966328953213
Dust 9.400158913592472 33.54803928055287 49.62407832730769 19.170190402167123 -6.031027598655177 0.07587729703394497 -1.1119587644622837
Dust 2.7856625630439913 13.067940517799872 4.406073457597785 29.359228597659694 19.357580181837243 -1.7748977039346732 0.4636271067696007
Dust 5.320407594023674 5.120815227913476 25.03385965723272 47.118177794667645 31.54080545335008 -0.09631389176853371 -1.4922565104551522
Dust 11.211153724748124 35.99751464093357 79.66671352072152 96.1358982072268 -25.364975499232038 7.337747565910207 1.1780972450961724
Dust 7.581748962402344 43.16473579406738 21.146024227142334 24.816361665725708 1.826263427734375 -0.04304146766662598 0.0
Dust 0.35007500648498535 0.9759387969970703 0.9839687347412109 4.8379645347595215 -4.714259624481201 -0.6903684735298157 0.0
Dust 0.32263699173927307 1.05423903465271 1.3293910026550293 2.5642435550689697 -0.9795094728469849 -0.1562644988298416 0.0
Dust 1.169618010520935 2.6939070224761963 3.3141653537750244 3.362578511238098 1.7225285768508911 0.03556400537490845 0.0
Dust 0.5275779366493225 0.8393363952636719 0.2491302490234375 47.14561462402344 34.309852600097656 -1.1442530155181885 0.0
Dust 1.5657209157943726 1.3859291076660156 0.41567230224609375 46.834354400634766 28.881635665893555 -0.7742184996604919 0.0
Dust 0.5693309903144836 0.9977874755859375 0.7128753662109375 46.491886138916016 25.9646053314209 -0.4538795053958893 0.0
Dust 0.9895619750022888 1.2617568969726562 0.66180419921875 47.34966278076172 24.069438934326172 1.310215950012207 0.0
Dust 0.2179865837097168 1.2783489227294922 0.1529083251953125 103.41233825683594 9.090457916259766 7.999792098999023 0.0
Dust 0.6534695625305176 1.9022979736328125 1.0863800048828125 102.00675964355469 6.228323936462402 7.786210060119629 0.0
Dust 0.913447380065918 2.219198226928711 1.583251953125 95.8905029296875 -21.360687255859375 8.832662582397461 0.0
Dust 0.2504234313964844 0.5512447357177734 0.4262237548828125 97.8886947631836 -23.639984130859375 10.460345268249512 0.0
Dust 0.6085700988769531 0.3524303436279297 1.27447509765625 92.78917694091797 -21.94558334350586 7.672267913818359 0.0
Dust 0.6903848648071289 0.8354263305664062 0.7368316650390625 90.29309844970703 -23.531171798706055 6.440677642822266 0.0
Dust 8.708839774131775 24.08674716949463 17.739002227783203 87.17093086242676 -37.27942609786987 7.22873193025589 0.0
Dust 0.6973133087158203 0.5291481018066406 1.2811355590820312 98.27780151367188 -30.227924346923828 10.295555114746094 0.0
Dust 0.13533294200897217 0.2725028991699219 0.643585205078125 76.04668426513672 -38.173187255859375 1.6748554706573486 0.0
Dust 0.7667560577392578 0.4120063781738281 0.38974761962890625 76.52391052246094 -39.98893737792969 2.3763740062713623 0.0
Dust 0.6688117980957031 0.21646881103515625 0.3110198974609375 91.8808822631836 -52.244285583496094 11.230375289916992 0.0
Dust 0.04059314727783203 0.8439178466796875 0.01689910888671875 90.44648742675781 -51.63404083251953 10.504384994506836 0.0