Stone 2.1394303442353286 1.8861119636210772 1.342811256049381 117.40163645229673 -14.482914271967747 2.863675595791963 -0.2181661564992916
Stone 1.0144228367143593 1.1707461067211018 0.8924581383634693 54.97510105300992 -16.341869981571232 -1.4715372730062681 -0.2879793265790643
Stone 0.8947256323076557 0.8947632446502962 0.8750634945762363 56.4767617536968 -23.632336136209197 -1.1635573520473395 -0.7388052020240804
Dust 5.52495902126543 10.641244655268626 34.447605931827006 25.23846401276773 -7.522204408519359 1.2182632953754178 3.106492921347157
Dust 1.4381861090660095 0.6918659210205078 1.306269645690918 9.639081954956055 -7.457053184509277 0.40752705931663513 0.0
Dust 2.130424052476883 1.887716293334961 1.8410329818725586 16.16151189804077 -7.768242359161377 0.6852580159902573 0.0
Dust 1.1655360460281372 0.6731700897216797 1.9225597381591797 22.782520294189453 -7.251451015472412 0.1248290091753006 0.0
Dust 0.31925898790359497 0.5118474960327148 0.4062347412109375 41.26204299926758 -12.126216888427734 -0.263652503490448 0.0
Dust 3.7124850749969482 4.2044172286987305 2.729207992553711 26.411205291748047 -6.02665376663208 0.5527635812759399 0.0
Dust 0.19234599173069 0.23408889770507812 0.4364433288574219 32.533782958984375 -8.206130027770996 -0.27004000544548035 0.0
Dust 0.5712850093841553 1.1360812187194824 1.2020988464355469 34.41259765625 -8.212156295776367 0.7679795026779175 0.0
Dust 0.3670460283756256 0.4387478828430176 0.7904033660888672 17.43260955810547 -4.565703392028809 -0.675553023815155 0.0
Dust 0.5313719511032104 0.38996362686157227 0.7615833282470703 18.757686614990234 -8.181010246276855 2.0451419353485107 0.0
Dust 0.15214800834655762 0.22089576721191406 0.07262992858886719 16.962997436523438 -11.751036643981934 2.0157551765441895 0.0