Car 2.3171420069304887 2.481154314443436 5.040340473601085 33.622207160667244 -11.212481875781634 -1.5028268834281908 -0.6937683776677462
Obstacle 3.070847799073035 0.8156996274127509 0.9475910074497165 23.782283011154686 0.5024562203210899 -0.7914978620849004 -0.31706998319322605
Obstacle 2.0403656499504534 0.8234688762419853 1.1674365280021697 27.616430502152458 -1.6148576343861887 -1.1609602164823658 -0.2385301668534796
Obstacle 3.0597764972761423 0.86443123002157 1.0123207446112632 12.464093899233262 -8.283853359805534 -0.4435032871779202 -0.2385301668534801
Obstacle 1.987142229038152 0.5373047545618712 1.3056559472639462 25.34725825173357 -11.457851281515788 -0.5481539869518708 -0.05000254714123789
Obstacle 1.9508295832460836 0.9461798043316993 0.7038959612785501 26.482000858029437 -12.840827349043568 -0.6192053026762742 -0.04363323129985811
Obstacle 2.9082445735864457 0.9788040594965648 1.3953013604536701 36.36626329203148 -2.5932146666786564 0.020399007018316314 -0.08149166593912827
Obstacle 3.0759932609770235 1.587155486170891 1.2498503048410008 34.97374186849481 -16.670009160662932 -0.30064252257691704 2.652900463031381
Obstacle 2.5315892225099854 2.108019889068737 1.3818196319865075 62.339786765005975 -17.14853072566327 1.7786603263352228 -2.609267231731522
Obstacle 2.2054699788893095 0.9991098342952555 0.6319564583204632 5.332508095844863 -6.371222310491643 -0.8797201910239332 -0.21816615649929144
Dust 0.9686561526076153 1.7925865208765788 0.922562779065356 2.548402108598536 -0.7525620964721684 0.4392517066507654 -0.026179938779915347
Dust 0.28537797927856445 0.8162440955638885 0.6556318998336792 2.5617690682411194 -0.6189770251512527 0.434594988822937 0.0