Stone 0.5498596581823586 0.64402374670713 0.6148170331514813 37.52108481448431 -18.669464428385254 -2.1411891649613297 -0.2460339083439882
Stone 0.6793052389274136 0.960390096122341 0.7452157819574126 38.75047558774486 -21.94905675291011 -1.9656457153748212 -0.4974188368183843
Stone 0.46514834588425524 1.014408337845242 0.8665030820426665 30.051704126393815 -29.206053673080532 -2.287095430480012 -0.2460339083439882
Stone 0.5498596581823586 0.64402374670713 0.6148170331514813 32.200343052847074 -30.142278350196648 -2.12252249829465 -0.2460339083439882
Stone 0.6431855722368238 0.7062410227434401 0.6472392822128488 29.16052941757789 -33.7359711452109 -2.0478595412674174 -0.2460339083439882
Stone 0.5965226152095913 0.846229893825138 0.6148170331514813 37.17219424694122 -25.203696386935917 -1.9991910197810336 -0.2460339083439882
Stone 0.581408293636652 0.8488698784419682 0.7670831210548372 38.444502117747106 -24.26673345812378 -1.9423024995765807 -0.32457372468373297
Stone 0.6609085665530372 0.7529039797706728 0.7002723897366262 49.149767691221314 -21.332527324488183 -1.5454357415422877 -0.2460339083439882
Stone 0.5986846143216398 0.8253060942907354 0.6420842305887968 37.63381856502019 -22.182251821721366 -2.049543853426801 -0.49085889883996675
Stone 0.42823866065635324 1.6076889465805129 0.9237032561024952 31.13916910517719 6.552234927547033 -2.447310064174206 -0.5350686104895175
Stone 2.1394303442353286 1.8861119636210772 1.342811256049381 75.60505886435112 -15.759624446181078 1.542007136937531 0.5497787143782142
Dust 3.3628246826877515 4.690410436678704 18.106784296786856 11.48806982763719 -1.7570605731083764 1.536478184217883 3.115412714809878
Dust 0.4049620032310486 0.3561500012874603 0.6651270389556885 3.4708685874938965 -0.1706789880990982 0.14580801129341125 0.0
Dust 1.058276891708374 1.6518030166625977 2.079925537109375 12.109260559082031 -3.0351035594940186 1.6167794466018677 0.0
Dust 0.5857919454574585 1.300379991531372 2.8272242546081543 7.283390045166016 -2.4618759155273438 0.5617420077323914 0.0