Car 2.3171420069304887 2.481154314443436 5.066348797718071 28.728759051434423 -10.522353913821235 -2.9684192028117242 -0.7006678823670353
Obstacle 3.070847799073035 0.8156996274127509 0.9475910074497165 10.491510656880749 4.167652749318904 -1.0374535779919067 -0.3170699831932265
Obstacle 2.0403656499504534 0.8234688762419853 1.1674365280021697 14.63768204635368 2.9540013815344537 -1.7322625984684914 -0.17744364303367804
Obstacle 1.987142229038152 0.5373047545618712 1.3056559472639462 14.066227347032122 -7.3084389908501635 -1.3584596210495445 -0.06649064167803585
Obstacle 1.9159812065879887 0.9461798043316993 0.7038959612785501 15.475437181077062 -8.436424228951637 -1.4707203460010365 -0.029088820866572027
Obstacle 2.9082445735864457 0.9788040594965648 1.3953013604536701 23.296497455038313 3.3033954314786316 -0.6504441562181699 -0.08149166593912827
Obstacle 3.0759932609770235 1.587155486170891 1.2498503048410008 24.016749836720788 -10.794914140576939 -1.6561252111256821 2.652900463031381
Obstacle 2.5315892225099854 2.108019889068737 1.3818196319865075 51.081300470088465 -6.3147656214863055 0.39699347732064794 -2.487094184091919
Dust 2.813916161466137 4.264677897603188 7.948572887740485 4.9033254338728725 -0.3271537990874699 0.33721423455334837 -0.2967059728390367
Dust 1.1813210248947144 2.341695100069046 1.7620491981506348 3.141432523727417 0.5819335430860519 0.2250164896249771 0.0
Dust 0.653393030166626 1.3771979808807373 1.1184358596801758 6.499549865722656 -1.3228269815444946 0.4845014810562134 0.0