Dust 9.543244003605073 12.595748661509752 15.778473953431845 47.08387760884045 8.011709019777868 2.813742758578478 0.09599310885968808
Dust 11.555640082791783 18.065243135619955 34.31297448031432 25.021247126922017 -5.4495339212327245 2.1321514684824554 0.23561944901923432
Dust 7.422912001609802 12.05971646308899 14.639391422271729 15.382883787155151 -6.184745192527771 -0.16549605131149292 0.0
Dust 9.554142117500305 14.091209769248962 15.832274436950684 31.585813999176025 -4.157399952411652 1.8006691336631775 0.0
Dust 6.447849869728088 8.491556167602539 7.128053665161133 43.716734886169434 7.463994026184082 0.9515710473060608 0.0
Dust 1.7879900932312012 1.5082828998565674 3.153867721557617 33.22332763671875 4.265837669372559 -1.9170410633087158 0.0
Dust 0.2751150131225586 0.31622791290283203 0.2291717529296875 29.600351333618164 4.799389839172363 -2.8908214569091797 0.0
Dust 0.29848000407218933 0.28534507751464844 0.19592666625976562 45.0255126953125 12.875555992126465 -0.5365409851074219 0.0
Dust 0.44023597240448 0.2958564758300781 0.5798110961914062 49.945472717285156 13.034381866455078 0.4358829855918884 0.0
Dust 1.7059881687164307 1.5720643997192383 1.3298606872558594 53.30743408203125 11.989324569702148 3.83436918258667 0.0
Dust 3.932564854621887 5.280520677566528 3.0745811462402344 51.32622146606445 7.5736163854599 4.2646843791008 0.0
Dust 0.7820510864257812 0.5325822830200195 0.9919662475585938 32.07925796508789 -12.794042587280273 2.944117546081543 0.0