Car 2.143049848789439 2.329266415373974 5.2928403023645965 12.100785615434788 -4.894019233063772 -2.3392574461676845 -2.5207150403906056
Dust 5.756616444858508 8.43992853784197 16.41983923655501 12.614844809287167 -1.9435496464764734 2.1338080439573295 0.6869289196520144
Stone 0.8111535072443518 0.8641604846030516 1.1490672121643568 18.799012574428378 -18.496290904988438 -2.640233383364882 0.13343099987435184
Stone 0.714063823884032 0.9099583870279258 0.9389307968138385 18.87477614946307 -10.251637740370661 -2.8851119346590774 0.17362446216916777
Stone 0.8548366090070925 1.2117473155737835 1.7714798908975908 42.526617654781674 -16.031521455193573 -2.4996488766798315 0.29561514205654005
Stone 0.6297130958676966 1.209367165260782 1.2251766278384661 32.931066762274526 11.184042487477202 -3.2020953332439146 -0.5160420027849486
Stone 0.9844329348104315 1.0914279434994991 1.2546614332787869 25.751807254768632 24.97992687013713 -3.1963522783657705 -1.0210752311172482
Stone 0.69784731996505 0.7880402766728498 0.8415850629919825 41.39844347291678 -12.732174111920886 -2.666977252374041 0.34372975900181724
Dust 1.5558371188720668 2.5128437660884364 2.2913015341101133 7.183256620901005 -3.072770945854701 -1.3981970272731012 2.539454061651749
Dust 2.6526280343532562 2.026655912399292 2.502281904220581 6.504118084907532 -3.6867170333862305 -0.4192080646753311 0.0
Dust 4.308554831892252 8.46639609336853 9.949023246765137 13.786465167999268 -2.2094660997390747 1.9981984179466963 0.0