Stone 0.5498596581823586 0.64402374670713 0.6148170331514813 37.39571977160426 -18.70233721216323 -2.1545224982946816 -0.2460339083439882
Stone 0.6793052389274136 0.960390096122341 0.7452157819574126 38.759840482602385 -21.95414147595011 -1.9656457153748212 -0.4974188368183843
Stone 0.46514834588425524 1.014408337845242 0.8665030820426665 30.052870136184993 -29.13930811524301 -2.287095430480012 -0.2460339083439882
Stone 0.5498596581823586 0.64402374670713 0.6148170331514813 32.20034305285412 -30.142278350203696 -2.12252249829465 -0.2460339083439882
Stone 0.6431855722368238 0.7062410227434401 0.6472392822128488 29.189421399033108 -33.75676731414137 -2.073192874600749 -0.2460339083439882
Stone 0.5965226152095913 0.846229893825138 0.6148170331514813 37.17219424694122 -25.203696386935917 -1.9991910197810336 -0.2460339083439882
Stone 0.581408293636652 0.8488698784419682 0.7670831210548372 38.444502117747106 -24.266733458116732 -1.9423024995765807 -0.32457372468373274
Stone 0.6609085665530372 0.7529039797706728 0.7002723897366262 49.14522511385826 -21.241177186798723 -1.5257000901244084 -0.2460339083439882
Stone 0.5986846143216398 0.8253060942907354 0.6420842305887968 37.63381856502019 -22.182251821721366 -2.049543853426801 -0.49085889883996675
Car 2.487196358973692 2.51716179662646 5.967953600292536 10.219814908629226 -4.58517536477685 -2.2085359143895675 2.193878869756873
Stone 0.42823866065635324 1.6076889465805129 0.9237032561024952 31.13916910517719 6.5522349275465785 -2.447310064174206 -0.5350686104895175
Stone 2.1394303442353286 1.8861119636210772 1.342811256049381 75.6050588643509 -15.759624446181078 1.542007136937531 0.549778714378214
Dust 5.087900135848029 6.358022849130245 9.739022695463467 6.201869544339405 1.6907439333588106 0.16138608518384542 -2.8317967113608002
Dust 5.292329747909635 5.952004767394922 4.8408059442206355 15.595695819918193 3.2203541059812593 0.9319078729775383 -0.17851115339167076
Dust 2.71815191465505 3.6556207939439767 4.326228862470771 20.290206729614958 0.504150948354566 -0.19818512630065932 -1.701696020694471
Dust 1.7178590893745422 3.9074020981788635 2.649224281311035 20.14274549484253 0.6834339797496796 -0.22758853435516357 0.0
Dust 4.894649028778076 4.484395980834961 4.114967346191406 15.386554718017578 3.0901718139648438 1.052534580230713 0.0
Dust 4.0373101234436035 5.934345960617065 8.662639617919922 6.210773944854736 1.9631799459457397 0.043653011322021484 0.0
Dust 0.5893309712409973 1.9922740459442139 1.6163220405578613 3.0448789596557617 -1.0211910009384155 0.46859249472618103 0.0