Obstacle 1.2658444012467998 0.8072173671726093 0.9028210395933036 56.5378810859321 4.864620703435321 0.8535095627532074 -0.07688599335631802
Dust 5.635212318607491 11.842061683499253 16.641822264088603 10.680350598813277 -1.072554895358643 1.3635380834827289 0.23670468873076375
Dust 3.8298417870644554 4.093619648431764 9.8578829314721 29.57601466862458 -2.436321291766438 1.0201734582889985 0.29490218293870535
Obstacle 1.3997738564496771 0.7825295672326695 0.6513643459262873 24.555941327279637 4.740999675735584 -1.483311972082117 -0.2594156687403045
Dust 1.072945335861446 0.8245743140737458 1.8065896069540677 55.1999262543381 5.490820239945014 1.6001535044830697 -1.3908813833435931
Dust 2.4041190147399902 5.218751907348633 4.2223052978515625 4.615058422088623 -0.21090292930603027 0.3564414978027344 0.0
Dust 3.3218789100646973 2.735856771469116 4.253760814666748 16.239388704299927 -2.9928293228149414 0.9572095274925232 0.0
Dust 2.691891074180603 2.8290340900421143 4.312620162963867 31.54629421234131 -2.202046036720276 1.3045294880867004 0.0
Dust 0.11269795894622803 0.012453079223632812 0.27813720703125 55.50102615356445 4.927576541900635 1.5399670600891113 0.0
Dust 0.16225801408290863 0.4711470603942871 0.2780342102050781 25.27699851989746 -2.7860124111175537 0.31989699602127075 0.0
Dust 0.3051750659942627 0.400205135345459 0.45253562927246094 17.298213958740234 -5.184981346130371 3.485637664794922 0.0
Dust 1.1841049194335938 0.6591289043426514 1.007720947265625 10.374574661254883 -3.097379684448242 1.1380045413970947 0.0
Dust 1.0638309717178345 0.4284658432006836 0.19330120086669922 11.270425796508789 -5.096106052398682 1.782963514328003 0.0