Obstacle 1.2658444012467998 0.8072173671726093 0.9028210395933036 61.8544503666139 4.807034581060752 1.409329088485796 -0.07688599335631825
Dust 5.670978670096636 15.71176734306988 20.932356638279483 16.2845843533375 1.3284339063492707 1.5759044280491987 0.19727619954844886
Dust 5.309647140504801 4.093619648431764 18.73213584006623 37.5594047321928 -0.6488012893831114 2.25601675339178 0.14388762247363424
Obstacle 1.7171998010370122 0.7825295672326695 0.6513643459262873 29.860103945681654 4.902521106647416 -1.047006406553827 -0.2594156687403045
Dust 2.6733894266439915 5.382104672733817 7.830502558323037 70.76323177784762 7.971692854474306 3.223752461764166 0.23561944901923532
Dust 1.0925279823774332 1.2296299689079253 4.022465954182674 56.84991278721347 5.739732661180172 1.6042349870917323 -0.02617993877991509
Dust 2.7063632011413574 4.8806328773498535 2.671468734741211 14.685761451721191 -3.9168245792388916 0.6471145153045654 0.0
Dust 1.2295210361480713 0.9782998561859131 1.2904510498046875 18.248498916625977 -2.5278711318969727 -0.4405674934387207 0.0
Dust 2.276484966278076 2.6538188457489014 3.332782745361328 21.482009887695312 -1.0242115259170532 0.5886825323104858 0.0
Dust 2.4139468669891357 2.08092999458313 1.728708267211914 25.810969352722168 -2.9049458503723145 1.0600844621658325 0.0
Dust 1.6132370233535767 0.5805188417434692 1.5084877014160156 29.60464859008789 -1.9683783650398254 0.3842275142669678 0.0
Dust 0.07018804550170898 0.15382671356201172 0.09350395202636719 24.064064025878906 10.31805419921875 4.0528564453125 0.0
Dust 2.3110759258270264 5.78167200088501 4.219085216522217 8.094747543334961 -0.00814199447631836 0.7094569802284241 0.0
Dust 1.5017738342285156 1.0890130996704102 1.7786178588867188 69.65940856933594 9.405900955200195 2.3649699687957764 0.0
Dust 0.35216331481933594 0.542938232421875 0.62176513671875 72.65348052978516 9.433323860168457 4.106141567230225 0.0
Dust 1.5095250606536865 2.0475974082946777 1.158233642578125 68.87621307373047 6.652745246887207 2.937284469604492 0.0
Dust 0.21397006511688232 0.5881338119506836 1.0165443420410156 57.32251739501953 5.992425918579102 1.4862749576568604 0.0
Dust 0.8865981101989746 1.9422399997711182 2.5897140502929688 44.94920349121094 0.535148024559021 3.5283730030059814 0.0
Dust 2.7978429794311523 2.0612659454345703 2.0298843383789062 34.47600173950195 -0.11482402682304382 1.3535704612731934 0.0
Dust 0.6164320111274719 1.1559879779815674 0.7105331420898438 9.470990180969238 -4.4054951667785645 0.604377031326294 0.0