Stone 0.5498596581823586 0.64402374670713 0.6148170331514813 37.4726332517148 -18.73170456780258 -2.1785224982946767 -0.2460339083439882
Stone 0.6793052389274136 0.960390096122341 0.7452157819574126 38.75712164215997 -21.95266526603541 -1.9656457153748212 -0.4974188368183843
Stone 0.46514834588425524 1.014408337845242 0.8665030820426665 30.04548580606388 -29.162903239245452 -2.287095430480012 -0.2460339083439882
Stone 0.5498596581823586 0.64402374670713 0.6148170331514813 32.20034305285208 -30.14227835020165 -2.12252249829465 -0.2460339083439882
Stone 0.6431855722368238 0.7062410227434401 0.6472392822128488 29.181033404416894 -33.750729716709884 -2.06119287460075 -0.2460339083439882
Stone 0.5965226152095913 0.846229893825138 0.6148170331514813 37.17219424694122 -25.203696386935917 -1.9991910197810336 -0.2460339083439882
Stone 0.581408293636652 0.8488698784419682 0.7670831210548372 38.444502117747106 -24.26673345811878 -1.9423024995765807 -0.32457372468373274
Stone 0.6609085665530372 0.7529039797706728 0.7002723897366262 49.14948902490778 -21.26674153011777 -1.5003116411566397 -0.2460339083439882
Stone 0.5986846143216398 0.8253060942907354 0.6420842305887968 37.63381856502019 -22.182251821721366 -2.049543853426801 -0.49085889883996675
Car 2.487196358973692 2.51716179662646 5.967953600292536 25.473737487031663 -6.58062951630919 -1.862899536373238 -1.4180800172453925
Stone 0.42823866065635324 1.6076889465805129 0.9237032561024952 31.13916910517719 6.5522349275465785 -2.447310064174206 -0.5350686104895175
Stone 2.1394303442353286 1.8861119636210772 1.342811256049381 75.60505886435112 -15.759624446181068 1.542007136937531 0.549778714378214
Dust 2.494781238033521 5.764852708426588 4.327894808183321 3.729848319881166 -0.1456475096660409 0.7016242477006132 3.115412714809878
Dust 3.720478074172693 5.094151929986451 11.775405033491625 10.789215208589967 3.5660074752743474 -0.7535335544834955 -0.39948647323425795
Dust 1.1794662853160447 2.6649162926373786 2.462804069556735 23.247080586051524 -1.9361974822153103 -2.3143364286710453 -1.1388273369262998
Dust 0.21889209747314453 0.2852621078491211 0.4638938903808594 23.26143455505371 -2.1634559631347656 -2.4229929447174072 0.0
Dust 3.031855896115303 3.6971390694379807 1.9899578094482422 14.572735786437988 1.367312528192997 -0.7589219436049461 0.0
Dust 3.329577922821045 3.8228070735931396 6.9899678230285645 8.606149911880493 5.238238334655762 -1.2330000400543213 0.0
Dust 0.1175379753112793 0.11811697483062744 0.14143896102905273 2.1765494346618652 1.9235725402832031 -0.7857919931411743 0.0
Dust 1.5418610572814941 4.117487967014313 3.535104990005493 3.8195176124572754 -0.844217985868454 0.48109450936317444 0.0