Stone 0.777251873574619 1.014833661095458 0.9071701906881946 12.725973192487418 -11.98380350600642 -3.5449159115717803 -0.2988262809166944
Car 2.487196358973692 2.51716179662646 5.967953600292536 72.9066630548222 2.585640128119624 7.9210733135748645 0.06656534694714486
Stone 0.7138643773217663 0.7803623649965619 0.8161133775283342 25.411435461106063 -21.830569297354742 -2.760172657089552 0.1308996938995747
Stone 0.5227665280323128 0.6605158690179487 0.7766545300545612 11.643699693113724 -10.800848403903506 -3.5733700549469822 -0.28932663838434514
Dust 2.233694117631026 3.228467954366643 5.861311370140396 21.47835210978539 -1.4672688148003612 0.9480297121666483 0.07899073200150428
Dust 2.1337217496285845 3.5915224465294324 6.74939815347931 33.400473482452746 -1.069156312493191 2.535984525961286 -0.008086762952557863
Obstacle 1.3997738564496771 0.7825295672326695 0.6513643459262873 46.16839348782782 2.2410948801056345 3.4955625755914577 -0.2594156687403045
Dust 1.821731516350896 3.366533934831364 7.171519596040576 42.26228744746752 -0.9834985114268519 4.096399939788828 0.07853981633974498
Dust 3.1209013794927483 6.173381643524014 6.291638099251679 51.508084630073576 -0.8649518462137396 5.747273189580946 -0.03490658503988662
Dust 3.20138303470358 4.0294504267485936 7.008345017318073 65.48167409729346 1.8366511723279932 7.847710813695638 0.0970017747394574
Dust 2.4798544172463473 3.5302994242522847 4.184813097847285 57.072056631032 -0.5022199089684839 6.527872760394395 -0.005453342210725628
Dust 1.1873979568481445 2.2119030952453613 2.4682235717773438 67.580078125 2.6427834033966064 6.9138569831848145 0.0
Dust 0.22117328643798828 0.8271999359130859 1.0278778076171875 62.93509292602539 2.216115951538086 5.563467502593994 0.0
Dust 1.8768501281738281 2.053523063659668 1.0879364013671875 53.634376525878906 0.5582084655761719 4.852725982666016 0.0
Dust 1.1985149383544922 3.321451187133789 2.165081024169922 35.59724426269531 -1.098217487335205 2.4372215270996094 0.0
Dust 1.0552568435668945 1.1044750213623047 2.2756385803222656 57.425148010253906 0.032293498516082764 6.327478408813477 0.0
Dust 0.9548149108886719 1.4037530422210693 1.9723854064941406 44.505714416503906 -0.25502049922943115 3.9941954612731934 0.0
Dust 0.9713799953460693 1.1852129697799683 0.7369422912597656 19.451366424560547 -0.8809275031089783 0.9178919792175293 0.0
Dust 0.36629772186279297 0.7294349670410156 1.1153717041015625 56.75857925415039 -1.5588184595108032 5.934803009033203 0.0
Dust 1.202916145324707 0.7200049757957458 1.5262184143066406 31.20072364807129 -1.2299084663391113 2.487514019012451 0.0
Dust 1.5832867622375488 1.3389461040496826 1.2461433410644531 49.478607177734375 -2.6625771522521973 5.940625190734863 0.0
Dust 1.2618920803070068 0.7936310768127441 0.7326431274414062 39.51813507080078 -2.2159955501556396 4.062459945678711 0.0
Dust 1.9864519834518433 1.7454960346221924 0.963897705078125 23.730125427246094 -1.9115020036697388 0.9789850115776062 0.0