Stone 0.6600656148654738 0.8282118690548653 0.666078745014086 28.52041922384751 21.122235230885508 -2.389967192567264 -0.11378712431442195
Stone 0.6 0.6 0.6 21.31592945311604 21.575610879991245 -2.740000000000001 -0.11378712431442554
Stone 0.44609637991851725 0.6 0.6 23.597712502591094 10.51866645393352 -2.643757144897664 -0.11378712431442554
Car 1.977082073688507 2.3041729032160077 5.2576929525810385 8.341226138812138 -0.9999058341560751 -2.255767062902451 -2.7096236637211963
Dust 0.6150460243225098 0.9345414221653353 3.246595631883236 8.681958967579401 0.9130703479662562 -2.9840769767761226 -2.716572519944203
Dust 2.1227989196777344 2.407289711890507 4.556143748554629 12.509832337767305 1.8160721481066244 -2.0738035190696014 -2.7340258124647776
Dust 2.7798380593835534 6.576224520156156 10.220539916287594 20.486474340135644 4.441643307370217 -1.1893286187261716 -2.883842808106114
Dust 3.0799719393253326 3.6661133504220142 8.965433007932356 31.84757227409662 1.5990450642746987 -0.7325977861881255 2.812033864443727
Dust 2.1739349365234375 2.927994966506958 7.545320987701416 11.142877578735352 1.3023864030838013 -2.1669135093688965 0.0
Dust 2.7711830735206604 3.2739540338516235 4.060152053833008 34.297024726867676 0.7346610426902771 -0.8862005174160004 0.0
Dust 2.612828016281128 2.8868589401245117 2.456113815307617 28.829639434814453 2.603109359741211 -0.9553440809249878 0.0
Dust 2.372859001159668 2.9652280807495117 1.7596969604492188 25.134124755859375 3.738767147064209 -1.3895244598388672 0.0
Dust 1.8574481010437012 4.352702736854553 3.542247772216797 20.120369911193848 5.194789350032806 -1.5640790462493896 0.0
Dust 0.8373370170593262 1.8899450302124023 1.3927297592163086 16.253463745117188 3.9168615341186523 -1.6434855461120605 0.0
Dust 1.1989078521728516 1.3011159896850586 0.8082103729248047 24.010257720947266 7.919701099395752 -1.6757869720458984 0.0
Dust 0.1351740062236786 0.024072885513305664 0.16382598876953125 31.0040225982666 2.9521093368530273 -0.24982400238513947 0.0