Stone 2.1394303442353286 1.8861119636210772 1.342811256049381 125.18058718558704 -19.58978171143834 1.0987288905379118 -0.6021385919380446
Obstacle 1.2658444012467998 0.8072173671726093 0.9028210395933036 6.009475816874214 -4.157208828584693 -2.804431589626839 -0.07688599335631781
Stone 1.0144228367143593 1.1707461067211018 0.8924581383634693 59.643438831353706 -20.468976717316394 -1.5130550559296543 -0.2879793265790643
Stone 0.718576563515843 1.1049449811413012 1.0524229144281405 60.597435085881244 -27.49060673808314 -0.49511217432174637 -0.7388052020240804
Dust 7.470887942123838 9.63075370630698 24.456303555093832 16.7154476973285 -6.503269158749024 2.3023548095519626 3.121797005647786
Dust 0.16603399813175201 0.12106084823608398 0.2976999282836914 5.821423053741455 -6.172407150268555 -0.07460399717092514 0.0
Dust 2.10430708527565 3.791364073753357 3.7193212509155273 9.438648700714111 -5.338324844837189 0.53940050303936 0.0
Dust 4.325580924749374 3.1587376594543457 1.8286075592041016 18.334720611572266 -8.788742065429688 1.725952461361885 0.0
Dust 2.66011905670166 3.65841281414032 6.047678470611572 18.016348600387573 -4.449385464191437 0.22324049472808838 0.0
Dust 2.423727035522461 2.735816240310669 1.599618911743164 27.54941177368164 -5.074252128601074 -0.010364532470703125 0.0
Dust 0.7161020040512085 0.7807950973510742 1.4941558837890625 22.84058380126953 -5.746838569641113 0.8073490262031555 0.0
Dust 0.3697110116481781 0.27380990982055664 0.7337789535522461 12.916847229003906 -3.89280104637146 -0.5145484805107117 0.0