Stone 0.777251873574619 1.014833661095458 0.9071701906881946 23.911968478471774 -14.624661436418194 -0.6671430155823803 -0.2988262809166944
Stone 0.5665683009646424 0.7474128289925159 0.6424162451680309 23.61535757950057 -16.533830860593213 -0.8899851334773892 -0.261740991796164
Car 2.487196358973692 2.51716179662646 5.967953600292536 37.744566271959485 -5.024808103064813 3.7975133187148487 -0.22141397963192005
Stone 0.7138643773217663 0.7803623649965619 0.8161133775283342 35.2142168913585 -26.171485440349212 1.3856238427652454 0.1308996938995747
Stone 0.4996303570112867 0.6605158690179487 0.7997907010755874 22.910142881732426 -13.518627130035012 -0.846742470083945 -0.28932663838434514
Dust 2.1064365334429795 1.92597519994579 5.914292371218202 21.11529257903566 -2.395417859604321 1.2054280261647672 -0.026188908964209067
Dust 1.58691108937408 3.4906450512494094 6.191597092707378 28.003583429916752 -3.2551746891885633 1.7935805661198179 -0.23140545066757823
Obstacle 1.3997738564496771 0.7825295672326695 0.6513643459262873 58.04004441906219 -4.505363839320928 8.953990197239339 -0.2594156687403045
Stone 0.4026346988722209 0.6248301273392113 0.628383536128499 7.589478578861723 4.714083518088562 -2.38221485076994 0.16277778310401025
Stone 0.3884632525699155 0.7088970543812462 0.7326449440355011 16.211685724082628 9.697960338726835 -0.9095160476977204 0.03816587891439194
Stone 0.46325341339265463 1.0266300761700289 1.1064705864413382 19.688729576888054 13.089153964418731 -0.08655527627335877 0.06434581769430688
Stone 0.38593212204196736 0.4695167408509624 0.5026174927765991 18.22761727463366 12.677881716066352 -0.2954751669467021 0.021018589108919898
Dust 2.0454448461532593 3.1932207345962524 5.458725929260254 27.789440631866455 -3.3556533455848694 1.3791543841362 0.0
Dust 1.27994704246521 0.7198290824890137 1.0501270294189453 23.351242065429688 -2.40852952003479 1.5105475187301636 0.0
Dust 1.9308629035949707 1.5442750453948975 1.7004203796386719 19.0898494720459 -2.46054744720459 1.095731496810913 0.0