Car 2.5516276696412654 2.1816045440668606 5.055309684682115 32.12808576437514 6.290767152296604 -2.402758405587187 -0.6504088330789514
Dust 6.831921815872192 19.394010462913034 15.355428845260867 21.042257610496424 -2.1375413418657536 1.0931776626526841 0.35527008835644347
Stone 1.4849785633930654 1.168997631612585 0.9092742416462011 35.63743374462119 -8.135614482354626 -2.5567392939062326 -0.6544984694978737
Stone 1.5034597615231715 0.9018743873222911 1.2085716697876496 36.12804423282998 -16.47108051564855 -2.506722024489571 0.3047182240844344
Stone 0.48374540531904114 0.5053593800540052 0.7826425428593495 53.92543089933724 -8.375243171986199 -2.4481891588041904 0.3667498134714773
Stone 0.6297821352849321 0.8923427910707943 0.8218953157969677 24.58135546194984 -16.12346775761689 -2.9270409287201327 1.7540558982543015
Obstacle 2.862348653445084 1.870605294594673 2.139709477619306 93.60558192737028 1.634494769357957 0.5129116327116932 0.445058959258554
Dust 3.8919670581817627 3.4906272888183594 4.267889976501465 23.80302095413208 3.335382580757141 0.006795525550842285 0.0
Dust 0.22875702381134033 0.25153297185897827 0.4060802459716797 20.634063720703125 1.109249472618103 1.195866584777832 0.0
Dust 1.1709340810775757 1.3465840816497803 2.0448665618896484 19.254947662353516 -2.602713108062744 1.6441760063171387 0.0
Dust 0.1318650245666504 0.22626876831054688 0.25144195556640625 21.201913833618164 -6.920102596282959 1.77349853515625 0.0