Car 2.3171420069304887 2.481154314443436 5.040340473601085 31.51510292897818 -10.565466669707613 -2.1704534241750357 -0.7048130393405223
Obstacle 3.070847799073035 0.8156996274127509 0.9475910074497165 18.057468049158274 2.52797056175109 -0.8754343685928965 -0.3170699831932263
Obstacle 2.0403656499504534 0.8234688762419853 1.1674365280021697 22.113725423288635 1.0525958120158951 -1.2833821554793927 -0.2254401974635221
Obstacle 3.0597764972761423 0.86443123002157 1.0123207446112632 7.537066761845446 -7.073773817988146 -0.6638071949818038 -0.2385301668534801
Obstacle 1.987142229038152 0.5373047545618712 1.3056559472639462 20.729760956947075 -9.289323045902687 -1.1081539869518713 -0.28562199616047207
Obstacle 1.9159812065879887 0.9461798043316993 0.7038959612785501 21.995836897603095 -10.478323432989226 -1.151629491005322 -0.04363323129985811
Obstacle 2.9082445735864457 0.9788040594965648 1.3953013604536701 30.814541841190724 0.5003399867029072 -0.2783208799444008 -0.08149166593912827
Obstacle 3.0759932609770235 1.587155486170891 1.2498503048410008 30.56707048756015 -13.547384655259812 -1.578264131707201 2.652900463031381
Obstacle 2.5315892225099854 2.108019889068737 1.3818196319865075 57.727339558323365 -11.651835448884754 1.2270296974945833 -2.51763744600182
Dust 3.1422878734576316 5.323167745236316 4.603799779585895 3.2452133922322965 0.16907327086747279 -0.36092206443357505 -0.026179938779915347
Dust 2.161338061094284 4.213053941726685 3.6083548069000244 3.406744360923767 0.2132779359817505 -0.38779203593730927 0.0