Truck 8.700537776265904 9.771738976092369 15.136278998824569 37.74070372796822 10.338286405820327 -0.045625162465192964 0.4333577888980529
Truck 10.044734623933419 10.439880383290443 17.68232272526821 82.31938594936446 35.19129420974059 0.9570425286415143 2.6609945414436944
Engineering 22.401351194129283 14.892641232793665 32.483089152702206 96.08565206629116 45.42232936810069 7.039876570575383 -0.6692777873468422
Stone 1.084773227776514 1.373932709760114 1.4483161825974498 49.9860183320302 41.4546237658692 -3.1147964886721153 -1.4398966328953213
Dust 8.149007875576181 33.72460790834525 49.62407832730769 17.6472415703023 -6.640392454464518 -0.8876648340893605 -1.173045288282085
Dust 2.8753093148435758 13.067940517799872 8.484627110016381 29.300462054989907 20.239225602019815 -1.7739385702335204 0.4636271067696007
Dust 5.381603002548218 39.10782861709595 30.752915859222412 16.942571878433228 -3.8575079441070557 -1.7140084505081177 0.0
Dust 0.5198990106582642 0.5951700210571289 0.4875450134277344 33.7420654296875 15.638139724731445 -1.5568244457244873 0.0
Dust 0.38431501388549805 1.2828950881958008 0.34073638916015625 28.370006561279297 16.033235549926758 -3.1374895572662354 0.0
Dust 0.3360559940338135 0.3551616668701172 0.20820999145507812 31.704456329345703 18.49515151977539 -2.6666369438171387 0.0
Dust 1.0595378875732422 1.552536964416504 0.5893363952636719 26.578859329223633 16.749486923217773 -2.669584035873413 0.0
Dust 0.2362511157989502 0.10175418853759766 0.2467193603515625 21.75835418701172 15.489686965942383 -2.74971342086792 0.0
Dust 0.16031789779663086 0.9621219635009766 0.01840972900390625 26.02178192138672 20.867618560791016 -3.2189559936523438 0.0