Stone 0.5498596581823586 0.64402374670713 0.6148170331514813 37.42990354054223 -18.715389370225125 -2.165189164961346 -0.2460339083439882
Stone 0.6793052389274136 0.960390096122341 0.7452157819574126 38.75863210907255 -21.953485382654662 -1.9656457153748212 -0.4974188368183843
Stone 0.46514834588425524 1.014408337845242 0.8665030820426665 30.049588211686796 -29.149794837021886 -2.287095430480012 -0.2460339083439882
Stone 0.5498596581823586 0.64402374670713 0.6148170331514813 32.20034305285321 -30.142278350202787 -2.12252249829465 -0.2460339083439882
Stone 0.6431855722368238 0.7062410227434401 0.6472392822128488 29.18569340142585 -33.75408393750513 -2.067859541267416 -0.2460339083439882
Stone 0.5965226152095913 0.846229893825138 0.6148170331514813 37.17219424694122 -25.203696386935917 -1.9991910197810336 -0.2460339083439882
Stone 0.581408293636652 0.8488698784419682 0.7670831210548372 38.444502117747106 -24.266733458117642 -1.9423024995765807 -0.32457372468373274
Stone 0.6609085665530372 0.7529039797706728 0.7002723897366262 49.13320253248594 -21.264166147104106 -1.5144163350276223 -0.2460339083439882
Stone 0.5986846143216398 0.8253060942907354 0.6420842305887968 37.63381856502019 -22.182251821721366 -2.049543853426801 -0.49085889883996675
Car 2.487196358973692 2.51716179662646 5.967953600292536 17.957817567190514 -11.268377066582286 -2.023697524160088 3.0767973051095034
Stone 0.42823866065635324 1.6076889465805129 0.9237032561024952 31.13916910517719 6.552234927546692 -2.447310064174206 -0.5350686104895175
Stone 2.1394303442353286 1.8861119636210772 1.342811256049381 75.6050588643509 -15.759624446181078 1.542007136937531 0.549778714378214
Dust 4.259193597880358 10.918131258572117 6.279748446214883 5.14577227375263 0.5371068420554628 -0.3538952043701597 3.115412714809878
Dust 5.019445702240166 5.029467082054065 7.934891988582896 12.003102044399384 4.601990009462952 -0.0392189289048262 -0.004003977518227357
Dust 2.6770610982214182 2.6834817896443823 5.6647088962142345 18.37786342837674 -0.25153372626338477 0.3411413364898711 -1.701696020694471
Dust 4.84250795841217 9.145140290260315 13.35786247253418 8.942983150482178 2.0111811757087708 -0.08018404245376587 0.0
Dust 1.8460620045661926 1.5664918422698975 1.4133319854736328 18.391423225402832 -1.9787839651107788 0.538657009601593 0.0
Dust 0.970350980758667 2.4571340084075928 1.2841720581054688 18.08073616027832 1.32060706615448 -0.24809950590133667 0.0