Truck 8.700537776265904 9.771738976092369 15.136278998824569 37.63320054573819 10.304119588577123 -0.045625162465192964 0.43499403507179807
Truck 10.044734623933419 10.439880383290443 17.68232272526821 82.31938594936446 35.19129420974059 0.9570425286415143 2.6609945414436944
Engineering 22.401351194129283 14.892641232793665 32.483089152702206 96.1750993671667 45.44081200673486 7.039876570575383 -0.6871488569926932
Stone 1.084773227776514 1.373932709760114 1.4483161825974498 49.9860183320302 41.4546237658692 -3.1147964886721153 -1.4398966328953213
Dust 7.823113618093771 33.72460790834525 49.62407832730769 17.122065167954897 -6.84744208819428 -0.7247177053481553 -1.195258569671104
Dust 5.5577340722084045 14.457160472869873 12.932671546936035 8.13432264328003 -2.2421743869781494 -1.3739659488201141 0.0
Dust 2.316422075033188 0.9442434310913086 0.718876838684082 14.229613780975342 -7.421274423599243 -0.5104140192270279 0.0
Dust 1.0700310468673706 1.6487483978271484 0.8333225250244141 24.64305877685547 -11.6930513381958 -2.456794500350952 0.0
Dust 1.8957871198654175 3.595062732696533 2.843841552734375 19.025413513183594 -7.967066764831543 -2.7284624576568604 0.0
Dust 2.07391095161438 4.172117710113525 2.7773056030273438 27.843839645385742 -5.525120735168457 -1.4712854623794556 0.0
Dust 0.4424469470977783 0.5489459037780762 0.568939208984375 21.52548599243164 -5.181496620178223 -1.3845385313034058 0.0
Dust 1.851567029953003 2.1490230560302734 1.0644874572753906 25.192394256591797 2.406090497970581 -2.711151599884033 0.0
Dust 0.055346012115478516 0.03371572494506836 0.024438858032226562 20.67040252685547 5.547262191772461 -3.0243849754333496 0.0
Dust 0.29925990104675293 0.7949137687683105 0.4531745910644531 20.54553985595703 7.141050338745117 -2.984468936920166 0.0
Dust 1.6037402749061584 2.4424047470092773 1.371668815612793 24.354919910430908 10.302963256835938 -2.7163370549678802 0.0
Dust 1.2935810089111328 4.841533660888672 1.4512748718261719 29.01811981201172 13.540092468261719 -2.3061375617980957 0.0
Dust 0.4485219717025757 0.7716426849365234 0.6906299591064453 25.18012237548828 12.7130126953125 -2.1599559783935547 0.0