Stone 0.5498596581823586 0.64402374670713 0.6148170331514813 37.519499504058786 -18.677830239215837 -2.1465224982946642 -0.2460339083439882
Stone 0.6793052389274136 0.960390096122341 0.7452157819574126 38.751079774510345 -21.949384799557265 -1.9656457153748212 -0.4974188368183843
Stone 0.46514834588425524 1.014408337845242 0.8665030820426665 30.037165818595895 -29.2104946694908 -2.287095430480012 -0.2460339083439882
Stone 0.5498596581823586 0.64402374670713 0.6148170331514813 32.200343052847074 -30.142278350196648 -2.12252249829465 -0.2460339083439882
Stone 0.6431855722368238 0.7062410227434401 0.6472392822128488 29.162393416381292 -33.73731283352845 -2.0398595412674174 -0.2460339083439882
Stone 0.5965226152095913 0.846229893825138 0.6148170331514813 37.17219424694122 -25.203696386935917 -1.9991910197810336 -0.2460339083439882
Stone 0.581408293636652 0.8488698784419682 0.7670831210548372 38.444502117747106 -24.26673345812378 -1.9423024995765807 -0.32457372468373297
Stone 0.6609085665530372 0.7529039797706728 0.7002723897366262 49.140805676238415 -21.33651897312029 -1.5471195909331283 -0.2460339083439882
Stone 0.5986846143216398 0.8253060942907354 0.6420842305887968 37.63381856502019 -22.182251821721366 -2.049543853426801 -0.49085889883996675
Stone 0.42823866065635324 1.6076889465805129 0.9237032561024952 31.13916910517719 6.552234927547033 -2.447310064174206 -0.5350686104895175
Stone 2.1394303442353286 1.8861119636210772 1.342811256049381 75.60505886435112 -15.759624446181078 1.542007136937531 0.5497787143782142
Dust 3.518264656110947 5.921794320298759 21.519965468859063 12.780000546490985 -2.2317502867946537 1.4916645594613556 3.115412714809878
Dust 0.46890902519226074 0.8560100793838501 0.6238269805908203 22.04581069946289 -0.5946930050849915 2.071678638458252 0.0
Dust 0.699088990688324 1.0833849906921387 3.3100056648254395 4.425103187561035 -1.4087074995040894 0.6028205156326294 0.0
Dust 0.023138001561164856 0.11896395683288574 0.11972999572753906 10.852277755737305 -2.637421131134033 -0.08834999799728394 0.0
Dust 0.3831470012664795 0.4102969169616699 2.065488815307617 8.494699478149414 -3.5201385021209717 0.8622084856033325 0.0