Truck 8.700537776265904 9.771738976092369 15.136278998824569 37.660076341295735 10.312661292887924 -0.045625162465192964 0.4345849735283618
Truck 10.044734623933419 10.439880383290443 17.68232272526821 82.31938594936446 35.19129420974059 0.9570425286415143 2.6609945414436944
Engineering 22.401351194129283 14.892641232793665 32.483089152702206 96.15273754194777 45.436191347076374 7.039876570575383 -0.6826810895812305
Stone 1.084773227776514 1.373932709760114 1.4483161825974498 49.9860183320302 41.4546237658692 -3.1147964886721153 -1.4398966328953213
Dust 7.981967424755268 33.72460790834525 49.62407832730769 17.25335926854177 -6.795679679761861 -0.8041446086789041 -1.1897052493238496
Dust 2.8753093148435758 13.067940517799872 8.484627110016381 30.109741737856893 20.523334909306868 -1.6640597660334184 0.4636271067696007
Dust 5.042243182659149 13.11693000793457 11.184049606323242 7.18900203704834 -0.17221617698669434 -1.5246275961399078 0.0
Dust 1.0576390027999878 1.5679683685302734 0.6707382202148438 30.95689582824707 -23.841602325439453 -1.3102035522460938 0.0
Dust 1.0887351036071777 2.4179906845092773 1.1124992370605469 18.92124366760254 -9.143775939941406 -3.211446523666382 0.0
Dust 0.06050395965576172 0.009019851684570312 0.07280349731445312 14.244464874267578 -6.642818927764893 -3.4684810638427734 0.0
Dust 0.29855602979660034 0.3432435989379883 0.5590267181396484 29.118919372558594 -9.569507598876953 -0.8389619588851929 0.0
Dust 3.1811819076538086 8.304827213287354 1.9439811706542969 23.6064510345459 -3.4300665855407715 -2.159585952758789 0.0
Dust 3.6017608642578125 8.813176155090332 3.0392894744873047 27.08380889892578 -3.4699349403381348 -1.7664995193481445 0.0
Dust 0.2902950048446655 0.09213447570800781 0.13859176635742188 28.59235382080078 -8.707415580749512 -1.863391399383545 0.0
Dust 1.9886999130249023 5.351846694946289 2.9916791915893555 18.41363000869751 -2.099020481109619 -2.7309629917144775 0.0
Dust 2.2238850593566895 6.051627159118652 3.1889896392822266 25.202285766601562 5.2252726554870605 -2.545663356781006 0.0
Dust 0.3228449821472168 0.7014858722686768 1.7924442291259766 21.725723266601562 3.8686280250549316 -3.181675434112549 0.0
Dust 0.46604180335998535 0.9045209884643555 1.4345035552978516 21.21617889404297 5.693017482757568 -3.0251641273498535 0.0
Dust 2.169653058052063 4.967771530151367 1.1871166229248047 24.498456954956055 12.094069480895996 -2.33292156457901 0.0
Dust 0.31242799758911133 0.5480012893676758 0.4123382568359375 29.628929138183594 15.977720260620117 -1.6031830310821533 0.0