Truck 5.170358308802778 3.9468080005671515 9.952874880990938 20.772357178526097 -2.8121122190688186 3.160265040264961 -0.2856741464418768
Obstacle 5.314533920822083 1.4017716085867111 2.017368362498952 78.18935360865865 12.505674359714083 17.138274564840305 -0.24870941840919208
Pedestrian 2.9368214739605834 1.1674321963098961 3.8326629330913735 71.3488651975114 -0.9480590047460123 15.451830588487105 -1.9213804428651522
Obstacle 2.4576428473658845 0.8334049634054836 1.0303050726130756 21.555942004712225 -0.4034681512634152 2.6927424872701113 -0.23925261188397468
Obstacle 2.9602631079061315 3.9627592907120976 3.2773513145299717 79.94575204589094 46.88250655912836 6.549934496064296 -0.4611799656023415
Obstacle 4.016839041042813 4.035319748976618 3.422135622546086 81.92142151225617 51.921895448325785 7.090762072070866 -0.47123889803846897
Obstacle 7.519407032200029 4.168375163549676 10.137396932020874 86.58862163367947 58.34448522919007 6.07834329025873 -0.5119632472516703
Obstacle 6.855836814814598 6.476778086330182 13.601460519060588 80.64570771381956 87.10576558004243 -1.830558361472809 -0.21816615649929103
Obstacle 2.0554659131924806 3.935118766021254 3.5107296441659415 64.00940295459002 39.966565880013064 3.8457379244779943 0.23429480808610997
Dust 2.1562164051522763 5.378437640254416 5.828211563867229 4.497342595570409 0.9247368144714161 0.7327618990857746 -0.2809843221343062
Dust 1.0207300186157227 3.7086289981380105 2.240774154663086 3.0695691108703613 1.8331855009309947 0.343114972114563 0.0
Dust 0.6202030181884766 0.816349983215332 1.9850740432739258 5.484352111816406 -1.5071829557418823 1.190301537513733 0.0