Stone 0.5498596581823586 0.64402374670713 0.6148170331514813 37.499727788146856 -18.567698140125685 -2.082522498294652 -0.2460339083439882
Stone 0.6793052389274136 0.960390096122341 0.7452157819574126 38.743829533327016 -21.945448239785037 -1.9656457153748212 -0.4974188368183843
Stone 0.46514834588425524 1.014408337845242 0.8665030820426665 30.07262301814103 -29.10854887878486 -2.287095430480012 -0.2460339083439882
Stone 0.5498596581823586 0.64402374670713 0.6148170331514813 32.200343052845255 -30.14227835019483 -2.12252249829465 -0.2460339083439882
Stone 0.6431855722368238 0.7062410227434401 0.6472392822128488 29.17267182891328 -33.75739640125357 -2.0958595412674175 -0.2460339083439882
Stone 0.5965226152095913 0.846229893825138 0.6148170331514813 37.17219424694122 -25.203696386935917 -1.9991910197810336 -0.2460339083439882
Stone 0.581408293636652 0.8488698784419682 0.7670831210548372 38.444502117747106 -24.2667334581256 -1.9423024995765807 -0.3245737246837331
Stone 0.6609085665530372 0.7529039797706728 0.7002723897366262 49.210990149329064 -21.218415830699996 -1.5269133982430416 -0.2460339083439882
Stone 0.5986846143216398 0.8253060942907354 0.6420842305887968 37.63381856502019 -22.182251821721366 -2.049543853426801 -0.49085889883996675
Car 2.487196358973692 2.51716179662646 5.967953600292536 35.22658580313587 -1.768232685083985 -1.5391960945062255 -0.6090871541181089
Stone 0.42823866065635324 1.6076889465805129 0.9237032561024952 31.139169105175824 6.552234927547943 -2.447310064174206 -0.5350686104895175
Stone 2.1394303442353286 1.8861119636210772 1.342811256049381 75.60505886435112 -15.759624446181078 1.542007136937531 0.5497787143782142
Dust 5.804362898821289 23.1628719624719 10.363410910070607 16.540557704448986 -2.6323965354161394 0.5529224752949509 2.0127865419848856
Dust 0.373416006565094 0.7126097679138184 0.44902777671813965 6.046081185340881 -2.773879885673523 -1.187036007642746 0.0
Dust 0.023543834686279297 0.10126006603240967 0.1022195816040039 15.836856842041016 -1.7277779579162598 -2.5683369636535645 0.0
Dust 0.4619629979133606 0.4510990381240845 0.9416255950927734 21.657306671142578 -1.6145284175872803 -0.8223425149917603 0.0
Dust 0.18374103307724 0.14669203758239746 0.6414108276367188 23.408445358276367 -1.0136229991912842 -0.7115944623947144 0.0
Dust 1.9553298950195312 3.884927749633789 3.8973331451416016 23.877513885498047 3.0849289894104004 -1.1230199337005615 0.0
Dust 3.1162209510803223 3.858640193939209 3.3796157836914062 11.013009071350098 -3.7818081378936768 0.8438515067100525 0.0
Dust 1.8516321182250977 0.6749992370605469 2.181756019592285 14.600479125976562 -8.10827350616455 2.1813440322875977 0.0