Stone 0.777251873574619 1.014833661095458 0.9071701906881946 14.384056541326991 -12.081194627092778 -3.571405707774344 -0.2988262809166944
Stone 0.5665683009646424 0.7474128289925159 0.6424162451680309 14.268125932336716 -13.915709907284509 -3.7999460362386714 -0.2617409917961635
Car 2.487196358973692 2.51716179662646 5.967953600292536 68.34530620141646 1.1249290430535244 5.7417706427120345 0.04474873129721566
Stone 0.7138643773217663 0.7803623649965619 0.8161133775283342 26.927425106900674 -22.217233098343925 -2.8902288335355104 0.1308996938995747
Stone 0.5227665280323128 0.6605158690179487 0.7766545300545612 13.307557753386325 -11.064932997003872 -3.636719055545581 -0.28932663838434514
Dust 2.3923599757008542 3.4749408514616733 5.765417741255586 22.965299667253564 -1.9557949028844408 0.26891820414293505 0.06584790227406598
Dust 2.286804292055098 3.4506999227351436 7.025262191100813 34.485934130305424 -1.163351438201761 1.6525208867265715 -0.06278827290423418
Obstacle 1.3997738564496771 0.7825295672326695 0.6513643459262873 48.001681237942535 1.6471728593749595 2.668520380941335 -0.2594156687403045
Dust 1.7006277173192916 2.16742180864858 3.312539966222031 46.218477649853554 -0.7256611523488389 2.7869817552946863 0.07853981633974491
Dust 2.26052741882909 4.40661617314717 9.22250734286159 54.90884250881441 -1.009372762632046 4.763263225907587 -0.004363323129985862
Dust 2.0001830458641052 2.1261770725250244 1.5140113830566406 24.852672576904297 -2.2005696296691895 0.2513515055179596 0.0
Dust 1.3847809731960297 2.358509063720703 1.7262601852416992 21.135998249053955 -1.5972915887832642 0.11241249740123749 0.0
Dust 0.8324179649353027 1.3401610851287842 2.176433563232422 53.998626708984375 -0.13008049130439758 3.8325579166412354 0.0
Dust 1.8022791147232056 1.6538689136505127 2.8546524047851562 46.073001861572266 -0.6731795072555542 2.569044589996338 0.0
Dust 1.5358009338378906 2.900207996368408 1.4969482421875 36.80854034423828 -1.324923038482666 1.7269794940948486 0.0
Dust 1.2042737007141113 2.5564210414886475 2.1895694732666016 57.68632984161377 -1.415059506893158 4.993274688720703 0.0
Dust 1.6285738945007324 1.3725749254226685 1.283182144165039 32.010467529296875 -1.711735486984253 1.5440239906311035 0.0
Dust 0.4022090435028076 0.6199749708175659 0.3692588806152344 50.706947326660156 -2.29556941986084 3.849888324737549 0.0