Car 2.1793036796813468 2.1816045440668606 5.055309684682115 43.409098200737965 5.6936946756521944 -2.744477947973686 0.45213839430907077
Dust 6.831921815872192 17.942930067875217 17.50133744217358 7.706286636127606 -4.34115877909187 1.2947643213638904 0.35527008835644347
Stone 0.9341508071761673 1.1359538824972304 0.9092742416462011 51.12245479446202 -11.140686083895453 -3.187406848289405 -0.6544984694978737
Stone 1.5034597615231715 0.9018743873222911 1.2085716697876496 51.57603355219189 -19.27224991758355 -2.7115183201384343 0.3047182240844344
Stone 0.48374540531904114 0.5053593800540052 0.7826425428593495 63.42896310771471 -5.050990936225162 -2.8081891588041907 0.3667498134714773
Dust 5.64090602342502 6.93301565665779 12.586120573768579 32.14775072297586 0.17099602445547069 -0.5411806605131944 -2.694562630174044
Obstacle 2.862348653445084 1.870605294594673 2.139709477619306 111.55704079504726 -6.19296510840469 -0.9382338670787784 0.445058959258554
Dust 1.337799072265625 2.9655399322509766 2.1031861305236816 3.556751012802124 -2.2903289794921875 0.3662694990634918 0.0
Dust 2.3775570392608643 2.159846067428589 5.837993621826172 31.898347854614258 0.8579000234603882 -2.12209951877594 0.0
Dust 0.9698060154914856 2.146182060241699 1.2403373718261719 36.05912780761719 2.348331928253174 -1.366131067276001 0.0
Dust 0.40311896800994873 0.4462099075317383 0.8661823272705078 29.625198364257812 -2.6350300312042236 1.314868450164795 0.0