Car 2.487196358973692 2.51716179662646 5.967953600292536 79.10555057427896 8.117793872998776 9.38533347857363 0.14224173248283678
Stone 0.7138643773217663 0.7803623649965619 0.8161133775283342 18.71933120321738 -21.00490044155322 -2.4324068251612987 0.1308996938995747
Dust 3.2512076366219835 5.658549984529978 8.507720194213784 16.55072888513575 -1.787889847961396 1.3845336765072656 0.13156205091125736
Dust 3.2870095440209446 3.760278290208215 7.241929354615946 29.65475280510405 -0.9195179825885248 2.366631853162578 0.21071927685414737
Obstacle 1.3997738564496771 0.7825295672326695 0.6513643459262873 38.73114181149817 3.814987638582946 2.223662490406521 -0.2594156687403045
Dust 2.0534225556927406 3.755708115551961 3.6119132734583683 39.693814471293074 0.8918945114253194 3.2615573576590333 0.31415926535898
Dust 2.913212452803959 4.560433103999794 13.443246801314938 54.43093176522312 3.1381173837582232 5.929859909761982 0.1318714121937341
Dust 3.20138303470358 4.0294504267485936 7.008345017318073 69.48899844707194 5.57354285519964 8.25023900069526 0.2793328969248329
Dust 2.0707430839538574 1.9078898429870605 1.21697998046875 69.5242919921875 6.316530227661133 7.540631294250488 0.0
Dust 1.567251443862915 3.9879831075668335 1.551239013671875 67.43660354614258 5.040758669376373 6.831545948982239 0.0
Dust 2.9071407318115234 1.9182548522949219 1.3754196166992188 71.85206604003906 6.21690034866333 8.14127254486084 0.0
Dust 0.5454950332641602 0.9068441390991211 0.4317970275878906 48.38606262207031 3.328794002532959 5.590976715087891 0.0
Dust 0.13030338287353516 0.018110036849975586 0.16597747802734375 58.10358810424805 3.725727081298828 5.075479507446289 0.0
Dust 1.5616528987884521 1.5672301054000854 2.7471771240234375 40.10531234741211 1.5876309871673584 3.148202419281006 0.0
Dust 1.3275971412658691 0.9339010715484619 1.0893440246582031 49.33820343017578 1.4680864810943604 5.565912246704102 0.0
Dust 2.4590619802474976 3.0549750328063965 3.0704612731933594 15.090814590454102 -0.9456155300140381 1.235217034816742 0.0
Dust 3.04060697555542 2.3626508712768555 2.666797637939453 27.66128158569336 -0.832674503326416 2.2351185083389282 0.0
Dust 1.2340251207351685 1.8724839687347412 3.051809310913086 31.535728454589844 -1.108035922050476 2.3190085887908936 0.0
Dust 0.32672691345214844 0.47480499744415283 0.41323089599609375 38.81051254272461 -0.7086924910545349 3.185276508331299 0.0
Dust 2.498224973678589 3.243600845336914 1.4227828979492188 19.81549835205078 -2.6031885147094727 1.2643815279006958 0.0