Stone 0.5498596581823586 0.64402374670713 0.6148170331514813 37.48738023259011 -18.547069570815925 -2.071855831627985 -0.2460339083439882
Stone 0.6793052389274136 0.960390096122341 0.7452157819574126 38.74262115979673 -21.944792146489664 -1.9656457153748212 -0.4974188368183843
Stone 0.46514834588425524 1.014408337845242 0.8665030820426665 30.046098636124952 -29.080205352450438 -2.287095430480012 -0.2460339083439882
Stone 0.5498596581823586 0.64402374670713 0.6148170331514813 32.20034305284571 -30.142278350195284 -2.12252249829465 -0.2460339083439882
Stone 0.6431855722368238 0.7062410227434401 0.6472392822128488 29.16332541578413 -33.73798367768665 -2.0958595412674175 -0.2460339083439882
Stone 0.5965226152095913 0.846229893825138 0.6148170331514813 37.17219424694122 -25.203696386935917 -1.9991910197810336 -0.2460339083439882
Stone 0.581408293636652 0.8488698784419682 0.7670831210548372 38.444502117747106 -24.266733458125145 -1.9423024995765807 -0.3245737246837331
Stone 0.6609085665530372 0.7529039797706728 0.7002723897366262 49.20561969450864 -21.2156044250603 -1.523545699461361 -0.2460339083439882
Stone 0.5986846143216398 0.8253060942907354 0.6420842305887968 37.63381856502019 -22.182251821721366 -2.049543853426801 -0.49085889883996675
Car 2.487196358973692 2.51716179662646 5.967953600292536 24.519042822085552 1.933231872044352 -1.8431960945062258 -0.12156684457428564
Stone 0.42823866065635324 1.6076889465805129 0.9237032561024952 31.139169105175824 6.552234927547904 -2.447310064174206 -0.5350686104895175
Stone 2.1394303442353286 1.8861119636210772 1.342811256049381 75.60505886435112 -15.759624446181078 1.542007136937531 0.5497787143782142
Dust 5.171554057390384 12.567221984828539 3.531714839147382 7.1347961441187655 -3.150399208150355 -0.19369351679924357 1.0083591693805325
Dust 2.127664941222177 3.091119726533228 5.375372933164721 18.68297758017499 1.6886688167736001 -1.7033808811154425 -0.10181087303300217
Dust 4.524700999259949 5.549185037612915 6.254101276397705 8.52382779121399 -4.124502539634705 -0.6140225529670715 0.0
Dust 1.997636079788208 2.3916499614715576 5.346243381500244 18.646075010299683 1.8854089975357056 -1.9966570138931274 0.0
Dust 0.10791400074958801 0.20474401116371155 0.24315404891967773 3.154447078704834 -0.5503640174865723 0.3095890283584595 0.0