Stone 0.5498596581823586 0.64402374670713 0.6148170331514813 37.462929745820475 -18.561292745451283 -2.0891891649613172 -0.2460339083439882
Stone 0.6793052389274136 0.960390096122341 0.7452157819574126 38.70936342468849 -21.92673466965607 -1.9656457153748212 -0.4974188368183842
Stone 0.46514834588425524 1.014408337845242 0.8665030820426665 30.019574254109102 -29.051861826116237 -2.287095430480012 -0.2460339083439882
Stone 0.5498596581823586 0.64402374670713 0.6148170331514813 32.200343052845255 -30.142278350195284 -2.12252249829465 -0.2460339083439882
Stone 0.6431855722368238 0.7062410227434401 0.6472392822128488 29.153979002655888 -33.718570954119514 -2.0958595412674175 -0.2460339083439882
Stone 0.5965226152095913 0.846229893825138 0.6148170331514813 37.17219424694122 -25.203696386935917 -1.9991910197810336 -0.2460339083439882
Stone 0.581408293636652 0.8488698784419682 0.7670831210548372 38.444502117747106 -24.266733458125145 -1.9423024995765807 -0.3245737246837331
Stone 0.6609085665530372 0.7529039797706728 0.7002723897366262 49.19837035421551 -21.220274997331217 -1.5201780006796806 -0.2460339083439882
Stone 0.5986846143216398 0.8253060942907354 0.6420842305887968 37.63381856502019 -22.182251821721366 -2.049543853426801 -0.49085889883996675
Stone 0.42823866065635324 1.6076889465805129 0.9237032561024952 31.139169105175824 6.552234927547943 -2.447310064174206 -0.5350686104895175
Stone 2.1394303442353286 1.8861119636210772 1.342811256049381 75.60505886435112 -15.759624446181078 1.542007136937531 0.5497787143782142
Dust 3.1702160970234865 5.298749645295707 3.4686473354535035 3.89926756775399 -2.0373842070735884 -0.11032822395131181 1.2594050072884277
Dust 2.2265729904174805 2.5020750761032104 2.9399921894073486 3.4047741889953613 -2.1087265610694885 -0.23902249336242676 0.0