Truck 5.170358308802778 3.9468080005671515 9.952874880990938 16.799086752112903 -13.264292855682376 2.211319185326996 -0.969843213223655
Truck 3.167179779659269 3.0157213170683805 6.370317637217243 4.755860366506535 7.780381542020214 -0.6652706070293427 -0.7687907989063791
Obstacle 7.3355036846747925 5.213616683285767 7.215746163517277 113.47994522506066 -25.599152585319953 18.046737325966863 -1.0323942474610042
Dust 2.731051408550673 5.952561292146793 9.399761771648299 6.953178161350395 -0.18179836602210853 1.2404299751334733 -0.08635607380736406
Dust 1.9949996052448569 4.773378601380456 4.224629188817529 14.975638822268987 -6.0205759954506455 2.982606585491242 -0.9685422178136838
Dust 0.43115702271461487 2.2373061180114746 1.885542869567871 3.8331284523010254 1.4814109802246094 0.4457765221595764 0.0
Dust 0.352558970451355 0.30360499024391174 0.6294412612915039 10.958688735961914 0.08530350029468536 2.1476423740386963 0.0
Dust 0.6302430629730225 2.1647419929504395 1.7272844314575195 7.910130977630615 -1.582900047302246 1.596387505531311 0.0
Dust 0.8479660451412201 1.7607289999723434 2.8656972646713257 4.80735045671463 -1.1942724958062172 0.8470380157232285 0.0
Dust 1.418147087097168 2.4101529121398926 1.825057029724121 15.293067932128906 -4.309532165527344 2.989450454711914 0.0
Dust 0.6828498840332031 0.6513829231262207 0.9110431671142578 14.471360206604004 -8.126775741577148 2.9912710189819336 0.0