Stone 0.5498596581823586 0.64402374670713 0.6148170331514813 37.50281467703644 -18.57285528245336 -2.085189164961319 -0.2460339083439882
Stone 0.6793052389274136 0.960390096122341 0.7452157819574126 38.74413162670953 -21.945612263108956 -1.9656457153748212 -0.4974188368183843
Stone 0.46514834588425524 1.014408337845242 0.8665030820426665 30.07925411364522 -29.115634760368494 -2.287095430480012 -0.2460339083439882
Stone 0.5498596581823586 0.64402374670713 0.6148170331514813 32.20034305284571 -30.142278350195284 -2.12252249829465 -0.2460339083439882
Stone 0.6431855722368238 0.7062410227434401 0.6472392822128488 29.175008432195682 -33.76224958214584 -2.0958595412674175 -0.2460339083439882
Stone 0.5965226152095913 0.846229893825138 0.6148170331514813 37.17219424694122 -25.203696386935917 -1.9991910197810336 -0.2460339083439882
Stone 0.581408293636652 0.8488698784419682 0.7670831210548372 38.444502117747106 -24.266733458125145 -1.9423024995765807 -0.3245737246837331
Stone 0.6609085665530372 0.7529039797706728 0.7002723897366262 49.21233276303428 -21.219118682110093 -1.5277553229384617 -0.2460339083439882
Stone 0.5986846143216398 0.8253060942907354 0.6420842305887968 37.63381856502019 -22.182251821721366 -2.049543853426801 -0.49085889883996675
Car 2.487196358973692 2.51716179662646 5.967953600292536 37.005233583952986 -3.669086883825479 -1.4731960945062255 -0.8814109769233673
Stone 0.42823866065635324 1.6076889465805129 0.9237032561024952 31.139169105175824 6.55223492754817 -2.447310064174206 -0.5350686104895175
Stone 2.1394303442353286 1.8861119636210772 1.342811256049381 75.60505886435112 -15.759624446181078 1.542007136937531 0.5497787143782142
Dust 5.804362898821289 24.26482496685953 17.195519537273896 16.04132739569377 -0.05070922783577658 0.8688207494048412 2.2638933851359737
Dust 0.08989900350570679 0.23832595348358154 0.34247708320617676 3.3789854049682617 -1.805419921875 -0.7112915515899658 0.0
Dust 0.8945309519767761 1.4144809246063232 0.7276458740234375 6.069850921630859 -2.645517349243164 -0.8968274593353271 0.0
Dust 0.2429320216178894 0.8636229038238525 2.036977767944336 22.553756713867188 -2.2929506301879883 -0.6342699527740479 0.0
Dust 0.9117139577865601 1.7267839908599854 1.470956802368164 26.80807113647461 1.7717610597610474 -0.3675990104675293 0.0
Dust 0.815532922744751 1.0173280239105225 1.9031620025634766 24.17171859741211 2.0920281410217285 -1.6142154932022095 0.0
Dust 0.5488330125808716 1.4532272815704346 0.7173709869384766 26.928909301757812 4.544740676879883 -0.3177434802055359 0.0
Dust 0.08511698246002197 0.11907386779785156 0.3697013854980469 19.678081512451172 -2.930680990219116 -0.7929685115814209 0.0
Dust 3.2913918495178223 3.1300060749053955 3.577695846557617 11.464385032653809 -4.277674198150635 1.1126840114593506 0.0
Dust 0.035127997398376465 0.011556148529052734 0.011333465576171875 17.672744750976562 -4.889923095703125 0.1345440000295639 0.0
Dust 0.6435401439666748 0.946345329284668 1.0397672653198242 15.256359100341797 -8.710098266601562 3.0775461196899414 0.0