Car 2.5516276696412654 2.1816045440668606 5.055309684682115 33.90846990838313 6.674434984385608 -1.802922552395109 -0.4513793308926639
Stone 1.7714563266871257 1.2020413807279398 0.9092742416462011 38.16098355869599 -8.602260423503822 -2.173470991020299 -0.6544984694978737
Stone 1.5034597615231715 0.9018743873222911 1.2085716697876496 38.709980067635854 -16.89519127493626 -2.2776993278863853 0.3047182240844344
Stone 0.48374540531904114 0.5053593800540052 0.7826425428593495 55.50935293406678 -7.8212011326927495 -2.5081891588041905 0.3667498134714773
Dust 5.430325989065057 11.955982030378937 12.779977825458184 24.64065978152831 -0.6429962460440799 1.211833463594831 -2.462624735045736
Stone 0.6297821352849321 0.8923427910707943 0.8218953157969677 26.833915793850448 -16.500782410641545 -2.7770409287201323 1.7540558982543013
Obstacle 2.862348653445084 1.870605294594673 2.139709477619306 94.46440713924456 1.063090318487902 -0.054077775507959114 0.445058959258554
Dust 0.14434799551963806 0.3309670090675354 1.547872543334961 20.580814361572266 0.7087504863739014 -0.2593749761581421 0.0
Dust 2.3171870708465576 3.273662269115448 3.4731531143188477 25.979045391082764 3.1360370218753815 0.4613035023212433 0.0
Dust 1.1448301076889038 1.0722240209579468 2.0101451873779297 20.693130493164062 -2.446908950805664 2.077018976211548 0.0
Dust 0.44899606704711914 1.6520767211914062 0.9829597473144531 22.919479370117188 -7.456229209899902 2.1214990615844727 0.0