Stone 0.6600656148654738 0.8282118690548653 0.666078745014086 28.467052885975512 21.007552913233077 -2.389967192567264 -0.11378712431442195
Stone 0.6 0.6 0.6 21.315929453115814 21.575610879991245 -2.740000000000001 -0.11378712431442554
Stone 0.44609637991851725 0.6 0.6 23.597712502591094 10.51866645393352 -2.643757144897664 -0.11378712431442554
Dust 3.08590025374058 4.6138171986182925 8.616770591515882 7.74317916307895 2.4535126643876373 -1.9861501190501607 -2.332286975234021
Dust 2.4140838980674744 3.80510374896141 3.0417639277472883 12.159886700662408 6.071079064481115 -1.8655993860960005 -2.3515367955017803
Dust 2.7537141044388873 2.9066845721954704 9.219482649533228 19.287726669393617 7.466899231176782 -0.66751818191774 3.1078017528514543
Dust 4.0218669176101685 1.2419321438481346 0.7857848617242809 21.353992451450896 9.909331333818455 -0.8507534861564635 -2.8905011108342062
Dust 2.8938560485839844 9.726399421691895 8.093621253967285 9.8408203125 2.990234613418579 -1.8901278972625732 0.0
Dust 1.6184430122375488 1.665639877319336 2.3150367736816406 22.444091796875 7.700573921203613 -0.4616295099258423 0.0
Dust 2.1705141067504883 2.2983617782592773 3.980496406555176 17.195524215698242 7.414825916290283 -0.7619789838790894 0.0
Dust 0.7635279893875122 0.7895412445068359 0.5294570922851562 21.273630142211914 9.927775382995605 0.7784159779548645 0.0