Stone 0.5498596581823586 0.64402374670713 0.6148170331514813 37.52663340097433 -18.640184090477305 -2.122522498294659 -0.2460339083439882
Stone 0.6793052389274136 0.960390096122341 0.7452157819574126 38.74836093406657 -21.947908589642793 -1.9656457153748212 -0.4974188368183843
Stone 0.46514834588425524 1.014408337845242 0.8665030820426665 30.102588203686537 -29.190510185645508 -2.287095430480012 -0.2460339083439882
Stone 0.5498596581823586 0.64402374670713 0.6148170331514813 32.200343052846165 -30.14227835019574 -2.12252249829465 -0.2460339083439882
Stone 0.6431855722368238 0.7062410227434401 0.6472392822128488 29.15400542176576 -33.731275236097645 -2.0758595412674175 -0.2460339083439882
Stone 0.5965226152095913 0.846229893825138 0.6148170331514813 37.17219424694122 -25.203696386935917 -1.9991910197810336 -0.2460339083439882
Stone 0.581408293636652 0.8488698784419682 0.7670831210548372 38.444502117747106 -24.26673345812469 -1.9423024995765807 -0.32457372468373297
Stone 0.6609085665530372 0.7529039797706728 0.7002723897366262 49.18113474366146 -21.318556554278075 -1.5395422686743454 -0.2460339083439882
Stone 0.5986846143216398 0.8253060942907354 0.6420842305887968 37.63381856502019 -22.182251821721366 -2.049543853426801 -0.49085889883996675
Stone 0.42823866065635324 1.6076889465805129 0.9237032561024952 31.139169105176734 6.552234927547033 -2.447310064174206 -0.5350686104895175
Stone 2.1394303442353286 1.8861119636210772 1.342811256049381 75.60505886435112 -15.759624446181078 1.542007136937531 0.5497787143782142
Dust 3.3637219387359307 3.8668501284446775 7.0403723290341595 4.778637678946552 0.7835133576685702 0.08159731764731482 3.115412714809878
Dust 2.600857973098755 2.9828710556030273 4.820656776428223 4.286859512329102 0.6955745220184326 0.008044004440307617 0.0