Stone 0.5498596581823586 0.64402374670713 0.6148170331514813 37.455541367245814 -18.725178488771462 -2.173189164961345 -0.2460339083439882
Stone 0.6793052389274136 0.960390096122341 0.7452157819574126 38.757725828925004 -21.952993312683247 -1.9656457153748212 -0.4974188368183843
Stone 0.46514834588425524 1.014408337845242 0.8665030820426665 30.047126768312864 -29.15765987835607 -2.287095430480012 -0.2460339083439882
Stone 0.5498596581823586 0.64402374670713 0.6148170331514813 32.20034305285253 -30.142278350202105 -2.12252249829465 -0.2460339083439882
Stone 0.6431855722368238 0.7062410227434401 0.6472392822128488 29.182897403220522 -33.75207140502789 -2.0638595412674166 -0.2460339083439882
Stone 0.5965226152095913 0.846229893825138 0.6148170331514813 37.17219424694122 -25.203696386935917 -1.9991910197810336 -0.2460339083439882
Stone 0.581408293636652 0.8488698784419682 0.7670831210548372 38.444502117747106 -24.266733458118324 -1.9423024995765807 -0.32457372468373274
Stone 0.6609085665530372 0.7529039797706728 0.7002723897366262 49.124185596456755 -21.2814078673332 -1.5059535187050326 -0.2460339083439882
Stone 0.5986846143216398 0.8253060942907354 0.6420842305887968 37.63381856502019 -22.182251821721366 -2.049543853426801 -0.49085889883996675
Car 2.487196358973692 2.51716179662646 5.967953600292536 23.895924488573883 -9.975217160765835 -1.8354853981546446 -2.1337740936413176
Stone 0.42823866065635324 1.6076889465805129 0.9237032561024952 31.13916910517719 6.5522349275465785 -2.447310064174206 -0.5350686104895175
Stone 2.1394303442353286 1.8861119636210772 1.342811256049381 75.6050588643509 -15.759624446181078 1.542007136937531 0.549778714378214
Dust 2.91192753673249 7.840776284651645 5.312700303554596 4.882312154624872 0.879050937988719 0.3849551925257775 3.115412714809878
Dust 4.4182254451383915 3.5739576005315867 7.009722961213617 10.393084800281205 4.595401143071107 -0.6597258048819712 -0.5691712616225955
Dust 2.6981505110708577 2.6112881046899674 5.3925735260155125 15.908865208802354 0.4756157229339806 0.026379658059496398 -1.701696020694471
Dust 1.7482500076293945 3.594008982181549 3.9650168418884277 4.231717109680176 -1.1650654971599579 0.582319974899292 0.0
Dust 1.7568719387054443 1.6840510368347168 0.9335660934448242 16.212751388549805 -1.127598524093628 -0.07535699009895325 0.0
Dust 0.7639570236206055 1.5561628341674805 0.8549957275390625 15.931201934814453 2.262460470199585 -0.6510975360870361 0.0
Dust 4.498425900936127 3.9094579219818115 6.689645290374756 10.25208854675293 5.063338756561279 -0.8813579380512238 0.0
Dust 1.4503370225429535 2.042714834213257 2.326582908630371 3.7449324131011963 2.7705174684524536 -0.2639155238866806 0.0