Stone 2.1394303442353286 1.8861119636210772 1.342811256049381 120.8916178665509 -20.331845311568056 2.7867419189159923 -0.5061454830783564
Stone 1.0144228367143593 1.1707461067211018 0.8924581383634693 58.476830296131084 -19.477358160671244 -1.4106149947068158 -0.2879793265790643
Stone 0.8947256323076557 0.8947632446502962 0.8750634945762363 59.09345990913643 -26.64133770879589 -1.2516572769870373 -0.7388052020240804
Dust 6.285732480507256 13.432465207709663 35.50252533344687 24.013905027026 -8.301587220636886 1.5101210050403826 -2.968728427909783
Dust 2.1384520530700684 3.45297908782959 3.784822940826416 9.500182867050171 -6.2082295417785645 0.7200289964675903 0.0
Dust 3.8523820340633392 3.144805431365967 3.901954174041748 17.534603357315063 -9.4746732711792 1.5172180086374283 0.0
Dust 2.603720188140869 4.052297353744507 8.436691284179688 19.385316848754883 -5.128709673881531 0.250078022480011 0.0
Dust 0.7020490169525146 0.6121406555175781 0.6623382568359375 41.91071319580078 -11.372881889343262 -0.25773048400878906 0.0
Dust 3.386547088623047 3.53708815574646 1.7940444946289062 26.923755645751953 -5.541730880737305 0.40728646516799927 0.0
Dust 1.272655963897705 1.1797566413879395 0.9816703796386719 35.57173156738281 -7.532903671264648 -0.5467749834060669 0.0
Dust 0.2176699936389923 0.18251991271972656 0.4419260025024414 12.913818359375 -4.955863952636719 -0.19617299735546112 0.0