Stone 0.5498596581823586 0.64402374670713 0.6148170331514813 37.508988454814244 -18.583169567108257 -2.0905224982946535 -0.2460339083439882
Stone 0.6793052389274136 0.960390096122341 0.7452157819574126 38.74473581347502 -21.945940309756566 -1.9656457153748212 -0.4974188368183843
Stone 0.46514834588425524 1.014408337845242 0.8665030820426665 30.092516304653145 -29.129806523535535 -2.287095430480012 -0.2460339083439882
Stone 0.5498596581823586 0.64402374670713 0.6148170331514813 32.20034305284571 -30.142278350195284 -2.12252249829465 -0.2460339083439882
Stone 0.6431855722368238 0.7062410227434401 0.6472392822128488 29.179681638759575 -33.771955943929356 -2.0958595412674175 -0.2460339083439882
Stone 0.5965226152095913 0.846229893825138 0.6148170331514813 37.17219424694122 -25.203696386935917 -1.9991910197810336 -0.2460339083439882
Stone 0.581408293636652 0.8488698784419682 0.7670831210548372 38.444502117747106 -24.266733458125145 -1.9423024995765807 -0.3245737246837331
Stone 0.6609085665530372 0.7529039797706728 0.7002723897366262 49.21240842728639 -21.230916020917448 -1.5294391723293024 -0.2460339083439882
Stone 0.5986846143216398 0.8253060942907354 0.6420842305887968 37.63381856502019 -22.182251821721366 -2.049543853426801 -0.49085889883996675
Car 2.487196358973692 2.51716179662646 5.967953600292536 37.81828471399474 -8.327470007626937 -1.510940608280419 -1.624217673575764
Stone 0.42823866065635324 1.6076889465805129 0.9237032561024952 31.139169105175824 6.5522349275480565 -2.447310064174206 -0.5350686104895175
Stone 2.1394303442353286 1.8861119636210772 1.342811256049381 75.60505886435112 -15.759624446181078 1.542007136937531 0.5497787143782142
Dust 4.978548564896916 18.598607090036104 27.919858690062476 17.675487284591554 0.7466699478377744 1.1457537596506482 2.7573804251781784
Dust 0.09440803527832031 0.15214109420776367 0.1756572723388672 31.416217803955078 1.259047508239746 -0.7140589952468872 0.0
Dust 0.741083025932312 1.541105031967163 1.6850261688232422 28.470748901367188 1.7575875520706177 -0.7355595231056213 0.0
Dust 0.14826400578022003 0.17142105102539062 0.4442729949951172 31.16828155517578 2.7091894149780273 0.11511199921369553 0.0
Dust 1.5120970010757446 2.397765874862671 5.291597366333008 5.695582389831543 -1.788957953453064 0.3318524956703186 0.0
Dust 0.26230499148368835 0.35280609130859375 0.4592552185058594 22.135709762573242 -4.769721031188965 -0.5878934860229492 0.0
Dust 2.1437510326504707 2.5901646614074707 1.2786359786987305 13.348228931427002 -5.044853448867798 1.294343527406454 0.0
Dust 0.14351797103881836 0.21234989166259766 0.7903308868408203 21.15530776977539 -6.160242080688477 -1.038241982460022 0.0