Stone 0.8797284704386017 0.9325734115442679 1.2184744691204688 36.82512312720816 33.03230169114436 -2.0978799163183544 0.28813651018963893
Obstacle 1.2418749816370582 0.8072173671726093 0.7968956163513744 18.586537815500645 -3.567518269001096 -1.9174468798219677 -0.07688599335631778
Dust 4.020697561956261 4.440342005647352 10.803112050501163 45.793312457585955 -5.8850027455830585 1.625516344157088 3.049669579880616
Dust 4.512252611913977 5.419832662630762 11.07956626063354 28.66426406903152 -1.0024867002842237 0.7754810839245171 2.8317967113608
Dust 3.7263242498769626 5.193647791021383 11.358135164611184 10.355323446669958 3.324639043239978 -1.4842601909056659 2.9947390091415222
Stone 0.40033733761080414 0.4081492202682925 0.42724299578402813 18.567955816020074 -9.789864214492052 -2.6706680852608162 -0.03410428640875527
Dust 0.37166500091552734 0.4389381408691406 0.2325439453125 41.75672149658203 -6.009807109832764 -0.2428005039691925 0.0
Dust 1.5915579795837402 2.20521879196167 3.126880645751953 44.291175842285156 -5.316734313964844 0.130607008934021 0.0
Dust 4.293220043182373 4.981709957122803 2.2703590393066406 26.354028701782227 -0.4756290912628174 0.5454390048980713 0.0
Dust 3.0466041564941406 5.251703977584839 8.062906265258789 9.285811424255371 3.436414122581482 -1.6622140407562256 0.0
Dust 0.49786102771759033 1.3061579465866089 1.2832059860229492 14.681480407714844 2.272136926651001 0.048665501177310944 0.0
Dust 1.1790180206298828 0.9117879867553711 2.000417709350586 30.47092056274414 0.5452439785003662 0.9850029945373535 0.0
Dust 0.25420093536376953 0.2062239646911621 0.3282814025878906 33.45093536376953 -1.623157024383545 2.2481155395507812 0.0
Dust 0.049667954444885254 0.14510393142700195 0.058441162109375 24.410493850708008 -1.4882760047912598 1.5879440307617188 0.0
Dust 1.8655509948730469 1.8042049407958984 2.4222679138183594 49.27972412109375 -6.4757795333862305 1.9821984767913818 0.0