Stone 0.5498596581823586 0.64402374670713 0.6148170331514813 37.481179193949174 -18.734967607317962 -2.1811891649613426 -0.2460339083439882
Stone 0.6793052389274136 0.960390096122341 0.7452157819574126 38.75681954877746 -21.95250124271155 -1.9656457153748212 -0.4974188368183843
Stone 0.46514834588425524 1.014408337845242 0.8665030820426665 30.04466532493916 -29.16552491969024 -2.287095430480012 -0.2460339083439882
Stone 0.5498596581823586 0.64402374670713 0.6148170331514813 32.20034305285185 -30.142278350201433 -2.12252249829465 -0.2460339083439882
Stone 0.6431855722368238 0.7062410227434401 0.6472392822128488 29.180101405015193 -33.7500588725508 -2.059859541267417 -0.2460339083439882
Stone 0.5965226152095913 0.846229893825138 0.6148170331514813 37.17219424694122 -25.203696386935917 -1.9991910197810336 -0.2460339083439882
Stone 0.581408293636652 0.8488698784419682 0.7670831210548372 38.444502117747106 -24.266733458118996 -1.9423024995765807 -0.32457372468373274
Stone 0.6609085665530372 0.7529039797706728 0.7002723897366262 49.177798098701714 -21.246327952826164 -1.4974907023824433 -0.2460339083439882
Stone 0.5986846143216398 0.8253060942907354 0.6420842305887968 37.63381856502019 -22.182251821721366 -2.049543853426801 -0.49085889883996675
Car 2.487196358973692 2.51716179662646 5.967953600292536 25.219044782528464 -4.785942429410257 -1.8043136745918311 -1.0657416744990376
Stone 0.42823866065635324 1.6076889465805129 0.9237032561024952 31.13916910517719 6.552234927546657 -2.447310064174206 -0.5350686104895175
Stone 2.1394303442353286 1.8861119636210772 1.342811256049381 75.60505886435084 -15.759624446181068 1.542007136937531 0.5497787143782138
Dust 1.4108229150547782 3.0211182175785805 2.745103308863115 3.204150395160896 -1.3584060739218329 0.2525110838321655 3.115412714809878
Dust 3.6455094974722235 6.643829558262157 11.840132463114278 10.591366355521966 4.3843689575632085 -1.1748836164139238 -0.4586337423296213
Dust 1.1794662853160447 2.6649162926373786 2.462804069556735 21.78854538908628 -1.555074396440413 -2.177421106568759 -0.9686577348568528
Dust 0.5707288980484009 0.748304009437561 1.9706058502197266 21.838302612304688 -1.6095728874206543 -2.2428925037384033 0.0
Dust 3.935840889811516 7.809744358062744 10.121607780456543 9.661220073699951 3.716132164001465 -1.3292544856667519 0.0
Dust 0.8876239657402039 2.118105888366699 1.691694974899292 2.9992012977600098 -1.0272810459136963 0.18909099698066711 0.0