Stone 0.5498596581823586 0.64402374670713 0.6148170331514813 37.52346278012283 -18.65691571213938 -2.133189164961328 -0.2460339083439882
Stone 0.6793052389274136 0.960390096122341 0.7452157819574126 38.749569307597085 -21.948564682938013 -1.9656457153748212 -0.4974188368183843
Stone 0.46514834588425524 1.014408337845242 0.8665030820426665 30.073511588090696 -29.199392178465587 -2.287095430480012 -0.2460339083439882
Stone 0.5498596581823586 0.64402374670713 0.6148170331514813 32.20034305284662 -30.142278350196193 -2.12252249829465 -0.2460339083439882
Stone 0.6431855722368238 0.7062410227434401 0.6472392822128488 29.157733419372562 -33.73395861273366 -2.0598595412674174 -0.2460339083439882
Stone 0.5965226152095913 0.846229893825138 0.6148170331514813 37.17219424694122 -25.203696386935917 -1.9991910197810336 -0.2460339083439882
Stone 0.581408293636652 0.8488698784419682 0.7670831210548372 38.444502117747106 -24.266733458124236 -1.9423024995765807 -0.32457372468373297
Stone 0.6609085665530372 0.7529039797706728 0.7002723897366262 49.16321071369566 -21.32653985154093 -1.5429099674560267 -0.2460339083439882
Stone 0.5986846143216398 0.8253060942907354 0.6420842305887968 37.63381856502019 -22.182251821721366 -2.049543853426801 -0.49085889883996675
Stone 0.42823866065635324 1.6076889465805129 0.9237032561024952 31.139169105176734 6.552234927547033 -2.447310064174206 -0.5350686104895175
Stone 2.1394303442353286 1.8861119636210772 1.342811256049381 75.60505886435112 -15.759624446181078 1.542007136937531 0.5497787143782142
Dust 6.453455747367688 7.65048593429454 14.470092659664278 8.821369456571473 -0.7311921205286052 0.4157094246222905 3.115412714809878
Dust 3.4665369987487793 5.068828046321869 4.900079965591431 4.396117806434631 0.14801594614982605 -0.6463844776153564 0.0
Dust 0.4375 0.658551037311554 1.6992902755737305 14.847404479980469 -0.6296684741973877 1.7036869525909424 0.0
Dust 1.3525850772857666 1.5470961332321167 3.315598487854004 9.180255889892578 -2.1419639587402344 1.377015471458435 0.0
Dust 0.40085792541503906 0.3275480270385742 0.4916648864746094 12.382104873657227 -3.383178949356079 2.8639869689941406 0.0
Dust 1.394993007183075 0.23299074172973633 1.0388984680175781 10.757018566131592 -4.07186222076416 1.841678410768509 0.0