Dust 10.51880828146184 12.404231361958892 19.41730264489818 44.92938788536454 7.900456797547298 3.1106600174347605 0.09599310885968805
Dust 11.897151381082796 19.79307393092156 32.69388466834671 22.163505189939066 -5.287081706177979 2.257130539527434 0.23561944901923432
Dust 11.615659236907959 17.014583587646484 31.800917863845825 21.13412320613861 -4.29580545425415 2.0286715030670166 0.0
Dust 0.5424000024795532 0.4953150749206543 0.7542266845703125 40.552188873291016 2.858818531036377 0.13488298654556274 0.0
Dust 1.428750991821289 1.6514177322387695 4.299449920654297 30.76524543762207 5.741436958312988 -1.5336084365844727 0.0
Dust 2.231571912765503 5.119311332702637 2.59259033203125 37.24319839477539 9.750761032104492 -1.2090860605239868 0.0
Dust 2.382328987121582 2.1969423294067383 1.4289779663085938 40.1192512512207 10.404125213623047 0.02317655086517334 0.0
Dust 0.13942599296569824 0.08741569519042969 0.11444091796875 41.50629425048828 10.581833839416504 -1.1258790493011475 0.0
Dust 3.0970171093940735 0.7957959175109863 1.5642318725585938 40.91156196594238 13.403297662734985 -0.8352125585079193 0.0
Dust 0.1108100414276123 0.03178977966308594 0.23218154907226562 53.67865753173828 14.890380859375 3.1653242111206055 0.0
Dust 1.3557260036468506 0.6937351226806641 0.5846405029296875 51.96848678588867 13.961297035217285 3.4461288452148438 0.0
Dust 5.48551607131958 7.336583614349365 2.171955108642578 47.76032066345215 7.8388636112213135 4.817252159118652 0.0
Dust 0.15139400959014893 0.5210013389587402 0.2616424560546875 43.561214447021484 6.048392295837402 0.6091489791870117 0.0