Car 2.5516276696412654 2.1816045440668606 5.055309684682115 25.415715015129468 2.892997893188625 -2.138637087341056 -1.4591185114421266
Dust 6.831921815872192 10.804884930497202 14.202178659674448 15.819347676114566 0.48222480030608494 2.139808806761062 0.2912746824499846
Dust 2.2772875298029382 6.197929238258439 4.270259153369998 16.75495418806087 3.230582889208154 -1.1912880323117543 1.5165412935957798
Stone 0.9005523153975492 0.9621505997547145 0.9092742416462011 28.145917751536143 -7.884895908047905 -2.474754279788333 -0.6544984694978737
Stone 1.1121824719053253 0.9018743873222911 1.1107523473831882 28.92328342975174 -16.16304629369363 -1.9106183893929636 0.3047182240844344
Stone 0.4850337731486719 0.8217013365729032 0.9949293801298903 51.75561400634774 -12.150820036472766 -1.450800525165127 1.1422120700067049
Stone 0.9091134834904829 0.6835909073655321 0.9806904654547391 52.76089708768219 -11.623717303164856 -1.5059276430030848 1.335176877775662
Stone 0.6297821352849321 0.8923427910707943 0.8218953157969677 17.15943627476189 -16.11870397520379 -2.4303742620534656 1.7540558982543015
Obstacle 2.862348653445084 1.870605294594673 2.139709477619306 87.77007766766391 0.50003443209843 1.3822399625919066 0.445058959258554
Dust 4.606756925582886 4.467253923416138 7.719682693481445 18.98730754852295 2.2742408514022827 0.7726174592971802 0.0
Dust 0.03676104545593262 0.09454497694969177 0.141326904296875 14.333230018615723 0.5215284824371338 0.9497475028038025 0.0
Dust 3.01609006524086 3.946027994155884 5.962686538696289 12.623403549194336 -2.53918194770813 1.5567080229520798 0.0