Stone 0.6600656148654738 0.8282118690548653 0.666078745014086 28.52041922384751 21.122235230885508 -2.389967192567264 -0.11378712431442195
Stone 0.6 0.6 0.6 21.324957920928682 21.58855838954048 -2.740000000000001 -0.11378712431442557
Stone 0.44609637991851725 0.6 0.6 23.597712502591094 10.518666453933179 -2.643757144897664 -0.11378712431442557
Dust 1.57074212676437 1.6926448805793832 2.022566884234095 26.73394576144133 12.860478021030774 -0.8514133221216589 -2.586835884252287
Dust 1.4565899893641472 1.5054497243377534 2.5513715080368153 3.3867987640788844 2.1053995918943835 -0.6169579960405828 -2.8014680044369715
Dust 4.358278343595307 3.0279053021931515 5.2623670537753195 11.400034220882747 6.33656786206335 0.7883386778009348 -2.3300145514124297
Dust 0.5115540027618408 0.8076980113983154 0.6529080867767334 4.098897933959961 2.788318157196045 -1.0894759893417358 0.0
Dust 0.7369679808616638 1.460076928138733 0.6941959857940674 2.5559167861938477 1.7550073862075806 -0.2576970160007477 0.0
Dust 0.24892699718475342 0.24039649963378906 0.5818576812744141 26.368160247802734 12.636931419372559 -0.6916494965553284 0.0
Dust 0.45783498883247375 0.4349250793457031 0.16156005859375 13.361148834228516 7.876962661743164 0.24030949175357819 0.0
Dust 0.5074801445007324 0.8435688018798828 1.3274459838867188 10.05838680267334 6.0697855949401855 2.320348024368286 0.0
Dust 3.370064899325371 0.9107940196990967 1.1420373916625977 10.698802471160889 4.530759215354919 1.0645314827561378 0.0