Stone 0.5498596581823586 0.64402374670713 0.6148170331514813 37.44699542501121 -18.72191544925613 -2.1705224982946785 -0.2460339083439882
Stone 0.6793052389274136 0.960390096122341 0.7452157819574126 38.75802792230752 -21.953157336007052 -1.9656457153748212 -0.4974188368183843
Stone 0.46514834588425524 1.014408337845242 0.8665030820426665 30.047947249437584 -29.15503819791138 -2.287095430480012 -0.2460339083439882
Stone 0.5498596581823586 0.64402374670713 0.6148170331514813 32.20034305285276 -30.142278350202332 -2.12252249829465 -0.2460339083439882
Stone 0.6431855722368238 0.7062410227434401 0.6472392822128488 29.183829402622223 -33.75274224918712 -2.0651928746007497 -0.2460339083439882
Stone 0.5965226152095913 0.846229893825138 0.6148170331514813 37.17219424694122 -25.203696386935917 -1.9991910197810336 -0.2460339083439882
Stone 0.581408293636652 0.8488698784419682 0.7670831210548372 38.444502117747106 -24.266733458118097 -1.9423024995765807 -0.32457372468373274
Stone 0.6609085665530372 0.7529039797706728 0.7002723897366262 49.12719124179989 -21.275660627256798 -1.5087744574792292 -0.2460339083439882
Stone 0.5986846143216398 0.8253060942907354 0.6420842305887968 37.63381856502019 -22.182251821721366 -2.049543853426801 -0.49085889883996675
Car 2.487196358973692 2.51716179662646 5.967953600292536 22.369889075233182 -10.928480565315857 -1.8871116623786812 -2.510219796680844
Stone 0.42823866065635324 1.6076889465805129 0.9237032561024952 31.13916910517719 6.552234927546692 -2.447310064174206 -0.5350686104895175
Stone 2.1394303442353286 1.8861119636210772 1.342811256049381 75.6050588643509 -15.759624446181078 1.542007136937531 0.549778714378214
Dust 3.120500686081974 7.171088643404468 4.000768106637963 4.534335224536053 0.5614840228287409 0.22662066493835958 3.115412714809878
Dust 4.746561656570697 5.029467082054065 7.735390063134558 11.075855802096633 4.419628846662978 -0.3724497270805563 -0.15609860684399754
Dust 2.0401894271558296 2.6112881046899674 5.844490394922123 16.565862251897837 0.2550167579630655 -0.4366767901327113 -1.701696020694471
Dust 1.0643179416656494 1.6346760988235474 0.5880298614501953 16.67336654663086 -1.4767451286315918 -0.22680799663066864 0.0
Dust 1.110327959060669 2.2602977752685547 1.3464784622192383 16.591415405273438 1.7511680126190186 -0.3411470055580139 0.0
Dust 4.546422958374023 4.030880928039551 7.162729740142822 11.037711143493652 4.874216556549072 -0.6212195754051208 0.0
Dust 1.818585991859436 0.8329619765281677 0.9184061288833618 3.4909560084342957 2.2087049782276154 -0.16317301988601685 0.0
Dust 0.09304702281951904 0.05397319793701172 0.20238208770751953 4.939535140991211 3.257781505584717 -0.7337164878845215 0.0
Dust 1.0051729679107666 2.6081039905548096 3.150670051574707 4.386415004730225 -0.4475500285625458 0.6567344665527344 0.0