Stone 2.1394303442353286 1.8861119636210772 1.342811256049381 114.88716407741568 -9.780140486883779 4.706682317539003 -0.02617993877991512
Stone 1.0144228367143593 1.1707461067211018 0.8924581383634693 52.70537172464219 -14.58647795511888 -1.0051551403392307 -0.2879793265790643
Stone 0.8947256323076557 0.8947632446502962 0.8750634945762363 54.36784725338283 -21.366831826874442 -0.7617780144660862 -0.7388052020240804
Stone 0.5949469825131148 0.8705844778727769 0.7424945517247521 42.403259324979174 -20.19395497094814 -1.5613634475649236 -0.6089431134620787
Dust 7.343187041898593 14.159908560005325 31.80846693183149 27.88579970760193 -3.7863104317069998 2.6150291187496992 3.0282095860301963
Dust 0.34079694747924805 0.28712698817253113 0.10443878173828125 43.22679901123047 -0.5837684869766235 5.323757171630859 0.0
Dust 3.0964388847351074 3.7821362018585205 3.244932174682617 25.57918930053711 -5.870157241821289 0.9409425258636475 0.0
Dust 0.2047879844903946 0.6620330810546875 0.37758445739746094 21.445392608642578 -3.843562602996826 0.26179200410842896 0.0
Dust 0.4152809977531433 0.9997539520263672 0.644287109375 13.663021087646484 -2.9962430000305176 -0.17854750156402588 0.0
Dust 0.16799499094486237 0.38634729385375977 0.5443572998046875 16.952526092529297 -5.207266807556152 -0.10548149794340134 0.0
Dust 0.692641019821167 0.7820339202880859 1.5541877746582031 25.63401222229004 -9.086441040039062 2.8563036918640137 0.0
Dust 0.6102368831634521 1.2074699401855469 1.1796588897705078 18.787403106689453 -8.949487686157227 2.252535343170166 0.0