Stone 0.5498596581823586 0.64402374670713 0.6148170331514813 37.50998764150427 -18.72802510420229 -2.1785224982946714 -0.2460339083439882
Stone 0.6793052389274136 0.960390096122341 0.7452157819574126 38.75470489509996 -21.951353079444402 -1.9656457153748212 -0.4974188368183843
Stone 0.46514834588425524 1.014408337845242 0.8665030820426665 30.03892195706726 -29.18387668280343 -2.287095430480012 -0.2460339083439882
Stone 0.5498596581823586 0.64402374670713 0.6148170331514813 32.200343052850144 -30.14227835019983 -2.12252249829465 -0.2460339083439882
Stone 0.6431855722368238 0.7062410227434401 0.6472392822128488 29.17357740920272 -33.7453629634374 -2.050526207934084 -0.2460339083439882
Stone 0.5965226152095913 0.846229893825138 0.6148170331514813 37.17219424694122 -25.203696386935917 -1.9991910197810336 -0.2460339083439882
Stone 0.581408293636652 0.8488698784419682 0.7670831210548372 38.444502117747106 -24.266733458120598 -1.9423024995765807 -0.32457372468373286
Stone 0.6609085665530372 0.7529039797706728 0.7002723897366262 49.18947779778398 -21.386194808370988 -1.5044101872781726 -0.2460339083439882
Stone 0.5986846143216398 0.8253060942907354 0.6420842305887968 37.63381856502019 -22.182251821721366 -2.049543853426801 -0.49085889883996675
Car 2.487196358973692 2.51716179662646 5.967953600292536 10.81314876708898 2.7021401818431494 -2.3043136745918313 -0.20943951023931978
Stone 0.42823866065635324 1.6076889465805129 0.9237032561024952 31.13916910517719 6.552234927546692 -2.447310064174206 -0.5350686104895175
Stone 2.1394303442353286 1.8861119636210772 1.342811256049381 75.6050588643509 -15.759624446181068 1.542007136937531 0.549778714378214
Dust 1.1113723193698393 3.3477056407152554 2.7984670344449625 2.250455259823394 -1.3042235657801688 0.026150245398331273 3.115412714809878
Dust 2.0042901039123535 2.05792687054055 3.076615759665808 6.442468087996814 3.816609464505181 -2.1700527334213264 -0.20071286397934823
Dust 2.0042901039123535 2.296971082687378 2.883054733276367 6.535272598266602 3.751218318939209 -2.3103530406951904 0.0
Dust 0.0363989919424057 0.09540599584579468 0.20865201950073242 2.3432140350341797 -0.8926370143890381 0.16330650448799133 0.0