Stone 0.777251873574619 1.014833661095458 0.9071701906881946 11.039019118760498 -11.708392757719608 -3.151730732888019 -0.2988262809166944
Car 2.487196358973692 2.51716179662646 5.967953600292536 77.63301675921888 4.6626552229796445 9.06500887761397 0.08838196259707407
Stone 0.7138643773217663 0.7803623649965619 0.8161133775283342 23.707668328384365 -21.488799450720997 -2.4544445796244427 0.1308996938995747
Dust 2.5514014281923725 4.495321777211148 6.250423976404992 20.518185833044647 -1.2081353971509723 0.9328963505401677 0.09213356172894255
Dust 2.1927124611574667 2.944669286688594 6.402843031206009 32.37092121579137 -0.9921749573163291 2.670244916407397 0.04661474699911844
Obstacle 1.3997738564496771 0.7825295672326695 0.6513643459262873 44.27172253718891 2.6985790256167093 3.1406406541798577 -0.2594156687403045
Dust 2.4576700587313507 3.8918581623855424 7.155943932119241 41.33509101249592 -0.9331063448888881 4.160174455104524 0.07853981633974505
Dust 3.7564421896027995 5.841895395182036 16.676753831863124 56.116956039343506 0.9043462574535107 6.66700377722852 0.13289551717628928
Dust 3.20138303470358 4.0294504267485936 7.008345017318073 68.94776143834648 3.548007143766993 8.589211150660558 0.32670344714378274
Dust 0.6580754706881791 0.8494267391998935 0.8851798622228161 10.582621264042551 -8.561868074744401 0.2440792919416873 -0.06209206795426026
Dust 1.9856500625610352 1.9035260677337646 0.7157917022705078 22.7606201171875 -2.050870895385742 0.9656230211257935 0.0
Dust 1.137364387512207 0.5295453071594238 1.3260955810546875 69.990966796875 3.8396575450897217 7.427505970001221 0.0
Dust 1.0805349349975586 0.50577712059021 1.9480056762695312 67.57945251464844 2.8432793617248535 7.104839324951172 0.0
Dust 1.6430869102478027 2.6571102142333984 1.2699737548828125 52.8233757019043 0.9975040555000305 5.245462417602539 0.0
Dust 1.5249972343444824 1.9477510452270508 1.6648826599121094 43.97215270996094 0.12402847409248352 3.891648530960083 0.0
Dust 0.8991329669952393 2.0520219802856445 0.8827381134033203 18.395004272460938 -0.6913290023803711 0.9181435108184814 0.0
Dust 1.1834471225738525 2.5768849849700928 2.3281784057617188 34.09877014160156 -0.8636234998703003 2.4467196464538574 0.0
Dust 0.39084863662719727 0.40950798988342285 0.17961502075195312 63.878639221191406 0.2218340039253235 8.004172325134277 0.0
Dust 0.4247932434082031 0.739950954914093 0.2911186218261719 57.91400909423828 -1.1006925106048584 6.340466499328613 0.0
Dust 2.39721941947937 1.9439761340618134 0.6792716979980469 49.050140380859375 -1.6001441031694412 5.544614672660828 0.0
Dust 0.9390430450439453 0.7535959482192993 1.3373050689697266 30.169544219970703 -1.3451719284057617 2.895458459854126 0.0
Dust 1.3530261516571045 1.3302819728851318 1.0122909545898438 38.40603256225586 -2.370789051055908 4.471714973449707 0.0
Dust 0.2504339814186096 0.4493093490600586 0.3701133728027344 10.489503860473633 -8.563531875610352 0.25428199768066406 0.0