Stone 0.777251873574619 1.014833661095458 0.9071701906881946 22.28178519739162 -14.08666898086933 -1.2952166573858417 -0.2988262809166944
Stone 0.5665683009646424 0.7474128289925159 0.6424162451680309 22.11904537607445 -15.884526468761347 -1.6169422188777522 -0.26174099179616395
Car 2.487196358973692 2.51716179662646 5.967953600292536 42.82763723077043 -5.037377291027578 4.59123643666076 -0.06433434695243033
Stone 0.7138643773217663 0.7803623649965619 0.8161133775283342 33.761943027110604 -25.279500588175157 0.3772841139532198 0.1308996938995747
Stone 0.5227665280323128 0.6605158690179487 0.7766545300545612 21.412398278229915 -12.965560722393398 -1.4135786600990852 -0.28932663838434514
Dust 2.541463739718169 2.6264921600888655 13.638939087241486 23.383889967302792 -2.4938316400266296 1.3727691806570155 -1.4835559224534667e-16
Dust 1.6411878308329197 3.0282323513522758 4.803739491413475 36.88153494106472 -4.647308371408361 3.305688206049657 -0.23041782471332162
Obstacle 1.3997738564496771 0.7825295672326695 0.6513643459262873 56.44997188817251 -3.3264795454301748 7.382059886850639 -0.2594156687403045
Stone 0.3884632525699155 0.7088970543812462 0.7326449440355011 14.119591751999963 10.046622157813136 -1.2310839301358119 0.03816587891439194
Stone 0.46325341339265463 1.0266300761700289 1.1064705864413382 17.58894535977264 13.524783489279832 -0.4013185664269176 0.06434581769430688
Stone 0.38593212204196736 0.4695167408509624 0.5026174927765991 16.190091149622504 13.152661032020942 -0.674287462429968 0.021018589108919912
Dust 2.3704841136932373 2.5279741287231445 4.192167282104492 27.76870346069336 -2.5036919116973877 1.503985047340393 0.0
Dust 0.3059439957141876 0.41932106018066406 0.6208515167236328 24.700733184814453 -2.3023974895477295 0.5826830267906189 0.0
Dust 1.353299081325531 1.2816078662872314 1.6437149047851562 22.271278381347656 -2.664903998374939 1.3056245148181915 0.0
Dust 0.5851839184761047 1.0525729656219482 0.7758102416992188 17.212690353393555 -2.267881393432617 0.8082950115203857 0.0
Dust 0.08183503150939941 0.00814199447631836 0.14336776733398438 36.08826446533203 -4.117905616760254 3.2984046936035156 0.0
Dust 0.7899131774902344 0.9432120323181152 0.4463348388671875 38.11598205566406 -5.746882438659668 2.8458235263824463 0.0
Dust 0.37566494941711426 0.25469398498535156 0.10712432861328125 35.440616607666016 -5.211912155151367 2.5722436904907227 0.0