Car 2.5516276696412654 2.1816045440668606 5.055309684682115 35.65760070328777 6.648445561740325 -1.203086699203031 -0.24362318244640455
Stone 1.6280695385986161 1.2350851298432945 0.9092742416462011 40.55060585838868 -9.243444099517172 -1.645270412443081 -0.6544984694978737
Stone 1.5034597615231715 0.9018743873222911 1.2085716697876496 41.058663666941136 -17.64425340694596 -1.388676631283199 0.3047182240844344
Stone 0.48374540531904114 0.5053593800540052 0.7826425428593495 57.093274968796436 -7.2671590933991865 -2.5681891588041905 0.3667498134714773
Dust 5.430325989065057 12.525901401514258 13.618663870253878 26.19166630837655 -1.0379335000934615 1.1240712913100734 -2.5020309970634207
Obstacle 2.862348653445084 1.870605294594673 2.139709477619306 100.36046779332584 -2.57533741197821 3.357579206538164 0.445058959258554
Dust 0.10913899540901184 0.23183798789978027 1.0308837890625 21.20770263671875 -0.7561410069465637 0.016451498493552208 0.0
Dust 0.25160500407218933 0.3750779926776886 0.8091754913330078 24.839111328125 0.007954001426696777 0.023431498557329178 0.0
Dust 1.8053939938545227 1.133810043334961 1.8686599731445312 22.372936248779297 0.7217350006103516 -0.5406689941883087 0.0
Dust 0.6082119941711426 0.8843690156936646 1.055450439453125 26.303722381591797 1.7611775398254395 -0.052751004695892334 0.0
Dust 1.6525580883026123 2.317568778991699 1.8414764404296875 28.425230026245117 3.1342225074768066 0.43060100078582764 0.0
Dust 0.6927130222320557 0.5682940483093262 2.49127197265625 22.326902389526367 -2.610697031021118 2.165376663208008 0.0
Dust 0.19776201248168945 0.625493049621582 0.18912315368652344 22.700946807861328 -7.054162502288818 2.654716968536377 0.0
Dust 0.26653003692626953 0.44438886642456055 0.6549358367919922 23.90673828125 -7.931626319885254 2.2258670330047607 0.0