Stone 0.5498596581823586 0.64402374670713 0.6148170331514813 37.52504809054881 -18.648549901308343 -2.1278558316279934 -0.2460339083439882
Stone 0.6793052389274136 0.960390096122341 0.7452157819574126 38.7489651208316 -21.948236636290403 -1.9656457153748212 -0.4974188368183843
Stone 0.46514834588425524 1.014408337845242 0.8665030820426665 30.088049895888616 -29.194951182055775 -2.287095430480012 -0.2460339083439882
Stone 0.5498596581823586 0.64402374670713 0.6148170331514813 32.20034305284662 -30.142278350196193 -2.12252249829465 -0.2460339083439882
Stone 0.6431855722368238 0.7062410227434401 0.6472392822128488 29.155869420569616 -33.73261692441565 -2.0678595412674174 -0.2460339083439882
Stone 0.5965226152095913 0.846229893825138 0.6148170331514813 37.17219424694122 -25.203696386935917 -1.9991910197810336 -0.2460339083439882
Stone 0.581408293636652 0.8488698784419682 0.7670831210548372 38.444502117747106 -24.266733458124236 -1.9423024995765807 -0.32457372468373297
Stone 0.6609085665530372 0.7529039797706728 0.7002723897366262 49.17217272867856 -21.322548202909275 -1.541226118065186 -0.2460339083439882
Stone 0.5986846143216398 0.8253060942907354 0.6420842305887968 37.63381856502019 -22.182251821721366 -2.049543853426801 -0.49085889883996675
Stone 0.42823866065635324 1.6076889465805129 0.9237032561024952 31.139169105176734 6.552234927547488 -2.447310064174206 -0.5350686104895175
Stone 2.1394303442353286 1.8861119636210772 1.342811256049381 75.60505886435112 -15.759624446181078 1.542007136937531 0.5497787143782142
Dust 5.160375327864265 6.550901651626621 9.77493476495005 6.293377456620581 0.01766654451153843 0.37089217326934665 3.115412714809878
Dust 3.6502808332443237 5.60237193107605 8.766026735305786 6.131485342979431 0.05988895893096924 0.6527214646339417 0.0