Stone 0.5498596581823586 0.64402374670713 0.6148170331514813 37.51824912148186 -18.5986409940906 -2.0985224982946544 -0.2460339083439882
Stone 0.6793052389274136 0.960390096122341 0.7452157819574126 38.74564209362279 -21.94643237972832 -1.9656457153748212 -0.4974188368183843
Stone 0.46514834588425524 1.014408337845242 0.8665030820426665 30.11240959116526 -29.15106416828621 -2.287095430480012 -0.2460339083439882
Stone 0.5498596581823586 0.64402374670713 0.6148170331514813 32.200343052845255 -30.14227835019483 -2.12252249829465 -0.2460339083439882
Stone 0.6431855722368238 0.7062410227434401 0.6472392822128488 29.186691448606325 -33.78651548660491 -2.0958595412674175 -0.2460339083439882
Stone 0.5965226152095913 0.846229893825138 0.6148170331514813 37.17219424694122 -25.203696386935917 -1.9991910197810336 -0.2460339083439882
Stone 0.581408293636652 0.8488698784419682 0.7670831210548372 38.444502117747106 -24.2667334581256 -1.9423024995765807 -0.3245737246837331
Stone 0.6609085665530372 0.7529039797706728 0.7002723897366262 49.20860757892888 -21.264199483109223 -1.531964946415563 -0.2460339083439882
Stone 0.5986846143216398 0.8253060942907354 0.6420842305887968 37.63381856502019 -22.182251821721366 -2.049543853426801 -0.49085889883996675
Car 2.487196358973692 2.51716179662646 5.967953600292536 32.721758081975636 -13.438323060234447 -1.5706766977259836 -2.832341050027055
Stone 0.42823866065635324 1.6076889465805129 0.9237032561024952 31.13916910517628 6.552234927547943 -2.447310064174206 -0.5350686104895175
Stone 2.1394303442353286 1.8861119636210772 1.342811256049381 75.60505886435112 -15.759624446181078 1.542007136937531 0.5497787143782142
Dust 2.4956817314938933 2.3942387705145616 6.484833161035743 7.136258738349206 -2.2317897597187346 0.7301320011331116 2.8856767931328537
Dust 1.4045491218566895 1.8613638877868652 2.1862380504608154 5.266592860221863 -1.836920976638794 0.3572445213794708 0.0
Dust 0.1045839786529541 0.0802769660949707 0.2748699188232422 9.278718948364258 -3.8202064037323 1.3746089935302734 0.0