Stone 0.6600656148654738 0.8282118690548653 0.666078745014086 28.52041922384751 21.122235230885508 -2.389967192567264 -0.11378712431442195
Stone 0.6 0.6 0.6 21.315929453115814 21.575610879991245 -2.740000000000001 -0.11378712431442554
Stone 0.44609637991851725 0.6 0.6 23.597712502591094 10.51866645393352 -2.643757144897664 -0.11378712431442554
Car 1.977082073688507 2.3041729032160077 5.2576929525810385 20.711020204639595 1.9135536643058775 -1.9257670629024508 2.958333082130389
Dust 1.2845640182495117 1.1036340868356747 2.3952244964770206 21.420727567281705 3.7647030796215244 -2.2168650627136226 2.9662052382535418
Dust 2.5999530479311943 4.429258738216329 7.845100648169138 27.411374388359075 0.43576320928899537 -1.1617622181773188 2.69743579702386
Dust 0.9264770746231079 2.0553697950481427 1.7484712590091789 37.81149150038442 -9.111147829344082 -1.674643561840057 2.741069028323717
Dust 2.486059095910954 3.1451114448845794 8.414370951773474 33.81557048070683 -4.477271502372424 -1.0926674972489758 2.3515502788054397
Dust 0.7813159227371216 1.8466463088989258 1.4926261901855469 38.069549560546875 -9.354358673095703 -1.742063045501709 0.0
Dust 2.5616018772125244 8.873628616333008 13.289520263671875 29.83749771118164 -3.19877552986145 -1.402582049369812 0.0
Dust 1.2614898681640625 0.9702978134155273 2.312084197998047 21.394668579101562 3.6618709564208984 -2.2053279876708984 0.0