Stone 0.5498596581823586 0.64402374670713 0.6148170331514813 37.51632888320728 -18.694561860878366 -2.1571891649613333 -0.2460339083439882
Stone 0.6793052389274136 0.960390096122341 0.7452157819574126 38.75228814803995 -21.95004089285294 -1.9656457153748212 -0.4974188368183843
Stone 0.46514834588425524 1.014408337845242 0.8665030820426665 30.032358108071094 -29.20485012636118 -2.287095430480012 -0.2460339083439882
Stone 0.5498596581823586 0.64402374670713 0.6148170331514813 32.20034305284844 -30.142278350198012 -2.12252249829465 -0.2460339083439882
Stone 0.6431855722368238 0.7062410227434401 0.6472392822128488 29.16612141398855 -33.73999621016492 -2.039859541267417 -0.2460339083439882
Stone 0.5965226152095913 0.846229893825138 0.6148170331514813 37.17219424694122 -25.203696386935917 -1.9991910197810336 -0.2460339083439882
Stone 0.581408293636652 0.8488698784419682 0.7670831210548372 38.444502117747106 -24.266733458122417 -1.9423024995765807 -0.32457372468373286
Stone 0.6609085665530372 0.7529039797706728 0.7002723897366262 49.151978227037034 -21.35180904722438 -1.5354872897148097 -0.2460339083439882
Stone 0.5986846143216398 0.8253060942907354 0.6420842305887968 37.63381856502019 -22.182251821721366 -2.049543853426801 -0.49085889883996675
Stone 0.42823866065635324 1.6076889465805129 0.9237032561024952 31.139169105177643 6.5522349275465785 -2.447310064174206 -0.5350686104895175
Stone 2.1394303442353286 1.8861119636210772 1.342811256049381 75.60505886435112 -15.759624446181078 1.542007136937531 0.549778714378214
Dust 1.9643606535460392 4.488154795366752 1.519024420284305 28.068600372414668 -3.5796071355573824 3.438377788238025 3.0995040730573127