Truck 5.170358308802778 3.9468080005671515 9.952874880990938 19.446214303587045 -7.530792338344826 2.729773321026475 -0.5381651115637235
Obstacle 6.479067769615332 1.4542222977556554 2.017368362498952 82.8655146449067 -8.963201684711265 17.780295403769532 -0.36651914291880944
Pedestrian 2.4224546142342684 1.1674321963098961 3.163986015447164 72.99245263284011 -20.252779865721106 17.32331601182809 -2.123909305862851
Obstacle 2.9602631079061315 4.247314403588623 5.553792217542172 93.30304100500953 24.38310364489714 11.003440351301133 -0.4677249502973202
Obstacle 4.016839041042813 4.035319748976618 5.0246982085611425 95.91967039911678 28.995221893775696 12.119521720301819 -0.543233729683235
Obstacle 6.765146151149246 3.9125127342452557 10.461321188518427 101.03514505086275 34.42251801904719 10.925174145385608 -0.7268120996214945
Obstacle 6.855836814814598 6.476778086330182 13.601460519060588 102.90217753473587 63.41503754959501 5.59374264453006 -0.41451569734865334
Obstacle 2.018250007311443 3.935118766021254 0.7900695379124669 74.57205842818584 22.04108132335102 7.56846841723394 0.1816622228306561
Dust 2.7316235301807676 4.896213642041097 7.485155357610424 5.161836535463937 0.7976372262925684 0.8746457521235275 -0.4550757877951847
Dust 0.6353445758638103 0.41097787023149396 1.3513678838740093 7.315981626091978 4.941978512311009 1.804898275463132 -0.43899083649979354
Dust 0.8905550241470337 3.427271842956543 1.540302038192749 3.0278759002685547 1.1801080703735352 0.2814894914627075 0.0
Dust 0.17497599124908447 0.3030710220336914 0.5674591064453125 7.248073577880859 5.0332536697387695 1.738645076751709 0.0
Dust 1.3136610984802246 3.6476240158081055 1.4558930397033691 7.346962928771973 0.6576220393180847 1.239195466041565 0.0