Truck 5.170358308802778 3.9468080005671515 9.952874880990938 19.0512804701254 -9.152641622015146 2.637979664368341 -0.6281465307776535
Obstacle 6.479067769615332 1.4542222977556554 2.017368362498952 83.04496077820755 -17.262111535852608 18.381414499791543 -0.4057890510886819
Pedestrian 2.4224546142342684 1.4122966140754043 1.8580424540311207 72.64311988256185 -26.933309845996085 17.829227326827137 -2.1855754993708745
Obstacle 3.1161040114640315 4.0472116113911225 5.097750005758726 96.50140454046857 14.909985823364712 11.463827103315634 -0.5789896901119588
Obstacle 4.016839041042813 4.035319748976618 5.0246982085611425 99.25437126238614 19.415918274987607 12.504994507114844 -0.5792311455056182
Obstacle 7.545808520573552 5.213616683285767 9.466431358306906 104.64566113913422 25.41947471783636 12.402744906401018 -0.7810349218815217
Obstacle 6.855836814814598 6.476778086330182 13.601460519060588 109.23230185032935 52.36779324181907 7.596218665954899 -0.5061454830783557
Obstacle 2.0047373789685117 4.43715597173555 1.4483883573381198 78.07325768797432 14.513734088061401 8.494391477943694 0.03307008454524902
Dust 2.940148150248797 7.033138035041719 9.327364079350605 5.511274934334088 0.022627869000358743 1.0862389356848299 -0.5236042106909717
Dust 1.1009730100631714 5.171205043792725 3.6359851360321045 3.7077064514160156 0.4200594425201416 0.43901151418685913 0.0
Dust 1.4771051406860352 4.484355926513672 1.563744068145752 8.579170227050781 -0.04240703582763672 1.471693515777588 0.0