Truck 5.170358308802778 3.9468080005671515 9.952874880990938 20.010686026871944 -6.0101466919825635 2.873270560772637 -0.4481836923497935
Obstacle 6.479067769615332 1.4542222977556554 2.017368362498952 81.84950438875128 -1.4831829515544876 17.47798575158851 -0.32724923474893697
Pedestrian 2.2126618278395687 1.1674321963098961 4.026112399889476 72.81041664125193 -13.70778220818144 17.03264948263135 -2.0896141184494286
Obstacle 2.9602631079061315 3.9627592907120976 3.2773513145299717 88.71534085049083 32.717831755034425 10.164460171998115 -0.4611799656023415
Obstacle 4.016839041042813 4.035319748976618 3.422135622546086 91.12540705569798 37.547872102658246 10.845631480928065 -0.507236313860852
Obstacle 7.782131236726891 4.669976521693365 8.351526192340701 95.48329807732169 44.47125627456578 10.08605299619496 -0.725561869599571
Obstacle 6.855836814814598 6.476778086330182 13.601460519060588 95.75037542454862 72.59487701838117 3.591266623105221 -0.32288591161895097
Obstacle 1.9810341014304056 3.935118766021254 1.273876314365954 71.00735104887403 29.07560782348579 6.946553756555139 0.19938822304622347
Dust 2.007706511662113 4.260589832909933 4.5693124892966575 4.311554625919227 2.657436585527583 0.7160899437050857 -0.3969802999270695
Dust 0.4568449854850769 0.8934398889541626 0.8159780502319336 2.3512890338897705 1.7014460563659668 0.1570585072040558 0.0
Dust 1.0957239866256714 2.490572929382324 1.4068689346313477 6.117880344390869 2.5592916011810303 0.8975480198860168 0.0