Stone 0.5498596581823586 0.64402374670713 0.6148170331514813 37.37862788713535 -18.69581113313218 -2.1491891649613493 -0.2460339083439882
Stone 0.6793052389274136 0.960390096122341 0.7452157819574126 38.76044466936746 -21.95446952259772 -1.9656457153748212 -0.4974188368183843
Stone 0.46514834588425524 1.014408337845242 0.8665030820426665 30.054511098434137 -29.134064754353403 -2.287095430480012 -0.2460339083439882
Stone 0.5498596581823586 0.64402374670713 0.6148170331514813 32.20034305285456 -30.14227835020438 -2.12252249829465 -0.2460339083439882
Stone 0.6431855722368238 0.7062410227434401 0.6472392822128488 29.191285397836634 -33.758109002459605 -2.0758595412674152 -0.2460339083439882
Stone 0.5965226152095913 0.846229893825138 0.6148170331514813 37.17219424694122 -25.203696386935917 -1.9991910197810336 -0.2460339083439882
Stone 0.581408293636652 0.8488698784419682 0.7670831210548372 38.444502117747106 -24.26673345811605 -1.9423024995765807 -0.32457372468373274
Stone 0.6609085665530372 0.7529039797706728 0.7002723897366262 49.151236404544356 -21.229682706646187 -1.5313419676728015 -0.2460339083439882
Stone 0.5986846143216398 0.8253060942907354 0.6420842305887968 37.63381856502019 -22.182251821721366 -2.049543853426801 -0.49085889883996675
Car 2.487196358973692 2.51716179662646 5.967953600292536 6.931251298305479 -0.15086511789047047 -2.295785338753533 2.2591105505501607
Stone 0.42823866065635324 1.6076889465805129 0.9237032561024952 31.13916910517719 6.5522349275465785 -2.447310064174206 -0.5350686104895175
Stone 2.1394303442353286 1.8861119636210772 1.342811256049381 75.6050588643509 -15.759624446181078 1.542007136937531 0.549778714378214
Dust 5.292329747909635 5.952004767394922 9.31128225225248 19.046329253272425 1.735991405695723 1.4013398191510165 -0.26893011462455985
Dust 3.8970270095072452 3.429404445400887 6.520380167270607 9.713405990176268 2.917579011071186 -0.9237207210294562 2.635447170511438
Dust 1.1858791091930805 1.9629963406964692 2.5963536579842 9.604740333288126 -3.554504286549508 -2.6146598457513894 2.2602013813326565
Dust 2.982339412311024 2.2380299354693567 4.711241550314156 3.6217699160369103 2.4169987253709886 -0.9554047833089453 -2.46305175348159
Dust 2.16946543986135 1.7147220103938519 1.6942647219381421 4.946215073130768 1.3360412178899994 0.26461163107972735 1.8159766370524588
Dust 1.0683200359344482 1.919416904449463 2.2744407653808594 9.247069358825684 -3.493924379348755 -2.6297597885131836 0.0
Dust 1.4971399307250977 2.8454060554504395 1.7340679168701172 21.744705200195312 0.3100019693374634 0.19931498169898987 0.0
Dust 5.185840964317322 4.9991384744644165 4.267367362976074 16.784046173095703 2.2688512206077576 1.3508134484291077 0.0
Dust 3.960668921470642 3.8572359681129456 8.19891893863678 6.111856639385223 2.54811891913414 -0.8002265095710754 0.0
Dust 0.042627930641174316 0.1025388240814209 0.3660888671875 11.60273551940918 3.0882716178894043 -1.3707630634307861 0.0
Dust 0.1271129846572876 0.14354300498962402 0.2619476318359375 12.791996002197266 2.436164379119873 -0.5440264940261841 0.0