Stone 0.5498596581823586 0.64402374670713 0.6148170331514813 37.50919498629128 -18.732208009617807 -2.1811891649613386 -0.2460339083439882
Stone 0.6793052389274136 0.960390096122341 0.7452157819574126 38.755006988482364 -21.95151710276832 -1.9656457153748212 -0.4974188368183843
Stone 0.46514834588425524 1.014408337845242 0.8665030820426665 30.03974243819175 -29.18125500235874 -2.287095430480012 -0.2460339083439882
Stone 0.5498596581823586 0.64402374670713 0.6148170331514813 32.200343052850485 -30.14227835020006 -2.12252249829465 -0.2460339083439882
Stone 0.6431855722368238 0.7062410227434401 0.6472392822128488 29.174509408604536 -33.746033807596405 -2.051859541267417 -0.2460339083439882
Stone 0.5965226152095913 0.846229893825138 0.6148170331514813 37.17219424694122 -25.203696386935917 -1.9991910197810336 -0.2460339083439882
Stone 0.581408293636652 0.8488698784419682 0.7670831210548372 38.444502117747106 -24.26673345812037 -1.9423024995765807 -0.32457372468373286
Stone 0.6609085665530372 0.7529039797706728 0.7002723897366262 49.19408947178158 -21.390474000449558 -1.500564611973593 -0.2460339083439882
Stone 0.5986846143216398 0.8253060942907354 0.6420842305887968 37.63381856502019 -22.182251821721366 -2.049543853426801 -0.49085889883996675
Car 2.487196358973692 2.51716179662646 5.967953600292536 14.397392036591423 1.7603604689719081 -2.210980341258498 -0.25743606466916386
Stone 0.42823866065635324 1.6076889465805129 0.9237032561024952 31.13916910517719 6.552234927546692 -2.447310064174206 -0.5350686104895175
Stone 2.1394303442353286 1.8861119636210772 1.342811256049381 75.6050588643509 -15.759624446181078 1.542007136937531 0.549778714378214
Dust 1.9978238964550996 3.0211182175785805 2.7984670344449625 2.2714874985089932 -0.5010347748096553 -0.09707554314429884 3.115412714809878
Dust 2.3216176918447124 2.8862580108406575 6.732632737980186 8.263136947764956 3.6597116680149804 -1.9168033486673102 -0.23755870374367286
Dust 2.4510271549224854 3.47863507270813 6.108203411102295 8.447125434875488 3.5290017127990723 -2.076892614364624 0.0
Dust 0.3019089996814728 1.241500973701477 0.5053610801696777 2.4126274585723877 -0.2472824901342392 0.33152151107788086 0.0