Car 2.335327930212469 2.1816045440668606 5.055309684682115 10.771697695872838 -5.269041321549874 -2.1705777311923273 -2.615719536507112
Dust 6.831921815872192 12.86616914423584 17.90838679908244 10.732272489255411 -2.8545035008608366 3.0126209595909277 0.35527008835644347
Dust 2.6500467442666977 5.242284915824618 4.270259153369998 5.4287567369808585 -0.9590948992649828 -1.3419533668720671 1.5165412935957798
Stone 0.6629401539347071 0.8123423196585617 0.9092742416462011 18.335490367137822 -10.259708845312371 -2.8131706691555567 -0.6544984694978737
Stone 0.9165438270964023 0.9018743873222911 1.0618426861809573 18.434555156614636 -18.565293016953397 -2.5652342033188646 0.3047182240844344
Stone 0.48374540531904114 0.5053593800540052 0.7826425428593495 41.005327179930404 -12.903122839771232 -2.1981891588041904 0.3667498134714773
Stone 0.4443881500506317 0.7200872788278028 0.9949293801298903 41.451062379096925 -16.45231498094929 -2.1099914559251154 1.1422120700067049
Stone 0.5818485874850816 0.560268494072472 0.7997822882907639 42.49756404207713 -16.10384006009442 -1.9674494346589517 1.335176877775662
Obstacle 2.862348653445084 1.870605294594673 2.139709477619306 78.67247708660031 -6.905489573974535 0.8304630403213966 0.445058959258554
Dust 0.30214595794677734 0.3645060062408447 1.1059379577636719 6.924982070922852 -3.0044751167297363 -1.2294620275497437 0.0
Dust 4.328292071819305 7.185513973236084 9.338107109069824 13.27741003036499 -2.023772954940796 1.8953160345554352 0.0