Stone 0.6600656148654738 0.8282118690548653 0.666078745014086 28.52098721923294 21.068489847175876 -2.4166338592339303 -0.11378712431442195
Stone 0.6 0.6 0.6 21.315929453115814 21.575610879991245 -2.780000000000001 -0.11378712431442557
Stone 0.44609637991851725 0.6 0.6 23.538952502044737 10.444860882763251 -2.643757144897664 -0.11378712431442559
Car 1.977082073688507 2.3041729032160077 5.2576929525810385 6.823335284428946 -0.650555723107266 -2.240671664517888 -2.4585363951535504
Dust 2.730436202402691 4.328841537626106 7.2710836648246655 11.204537335145975 3.938014008536328 -1.999128558097174 -2.455285973212143
Dust 2.980669715256385 3.368770958803 4.401321700587216 17.334394015035365 4.919876573505562 -1.00669103671977 -2.905973204570558
Dust 3.0559601204148654 3.9560220779140174 3.8589291952354934 22.37990224367167 6.29793461087174 -0.7647897628669083 3.0039884267841943
Dust 3.305663319702806 3.749991373183729 3.258516800335677 27.33334532612141 5.568490780661104 -0.6772365588566347 3.0039884295332286
Dust 0.6074196869507111 0.7252142759053288 0.6121883810654345 31.16979203028985 3.309807357497341 -1.0370167093932139 0.4974188368183839
Dust 1.5659954889209036 2.483822679525065 2.4560902438568633 34.01783718172228 0.9652558934862803 -1.1776485547044184 3.0039884295332286
Dust 0.6075682107104676 0.9647058823529411 1.50390625 7.267463337140614 1.8138593663955047 -3.0299605759434702 0.6765524453006007
Dust 0.6211609840393066 0.33966103196144104 0.390838623046875 33.72431564331055 0.4984055161476135 -1.6390914916992188 0.0
Dust 0.3251579999923706 0.3594210147857666 0.2556266784667969 33.69426727294922 1.794182538986206 -0.7295979857444763 0.0
Dust 3.477536916732788 5.562936305999756 12.506637573242188 13.344873428344727 3.6160590648651123 -1.5656355619430542 0.0
Dust 0.22169798612594604 0.3788139820098877 0.6170310974121094 31.193967819213867 3.2246971130371094 -1.0251699686050415 0.0
Dust 3.2703351974487305 3.5292890071868896 1.9625587463378906 26.979230880737305 5.59768533706665 -0.6847105622291565 0.0
Dust 2.9584741592407227 3.8689327239990234 2.5039806365966797 22.314029693603516 6.465266227722168 -0.7499650120735168 0.0