Car 2.335327930212469 2.1816045440668606 5.055309684682115 17.016207463850908 -2.6581858033783576 -2.01132718138524 -2.3092850387022037
Dust 6.831921815872192 12.86616914423584 17.90838679908244 12.670604373902439 -1.1686018350708665 2.8630882836170652 0.35527008835644347
Dust 2.6500467442666977 5.242284915824618 4.270259153369998 11.482097417833302 0.36769378661892915 -0.5582867975183838 1.5165412935957798
Stone 0.6629401539347071 0.9621505997547145 0.9092742416462011 21.872412102174962 -9.65060491732421 -2.6841292686747935 -0.6544984694978737
Stone 0.9165438270964023 0.9018743873222911 1.0618426861809573 21.932926680991407 -17.824647909666453 -2.3852342033188645 0.3047182240844344
Stone 0.48374540531904114 0.5053593800540052 0.7826425428593495 44.4218986909599 -11.699495407747325 -2.08818915880419 0.3667498134714773
Stone 0.4850337731486719 0.8217013365729032 0.9949293801298903 45.17194727242285 -15.097251956918951 -2.0041789241131642 1.1422120700067049
Stone 0.6558420354609176 0.6835909073655321 0.7997822882907639 46.17574047445878 -14.777594583286687 -2.0231696095229585 1.335176877775662
Obstacle 2.862348653445084 1.870605294594673 2.139709477619306 82.32042319781 -4.359229151044687 0.965858385488428 0.445058959258554
Dust 4.298264980316162 9.236990332603455 11.126233100891113 14.288459777832031 -1.6142292618751526 1.8262405395507812 0.0
Dust 0.9899030327796936 1.2282707691192627 2.239109992980957 6.802052021026611 -3.9099555015563965 1.0993645191192627 0.0