Stone 0.5498596581823586 0.64402374670713 0.6148170331514813 37.52750978814947 -18.61411242107306 -2.1065224982946553 -0.2460339083439882
Stone 0.6793052389274136 0.960390096122341 0.7452157819574126 38.746548373770565 -21.946924449699736 -1.9656457153748212 -0.4974188368183843
Stone 0.46514834588425524 1.014408337845242 0.8665030820426665 30.13230287767692 -29.172321813037115 -2.287095430480012 -0.2460339083439882
Stone 0.5498596581823586 0.64402374670713 0.6148170331514813 32.20034305284571 -30.142278350195284 -2.12252249829465 -0.2460339083439882
Stone 0.6431855722368238 0.7062410227434401 0.6472392822128488 29.193701258453075 -33.801075029280355 -2.0958595412674175 -0.2460339083439882
Stone 0.5965226152095913 0.846229893825138 0.6148170331514813 37.17219424694122 -25.203696386935917 -1.9991910197810336 -0.2460339083439882
Stone 0.581408293636652 0.8488698784419682 0.7670831210548372 38.444502117747106 -24.266733458125145 -1.9423024995765807 -0.3245737246837331
Stone 0.6609085665530372 0.7529039797706728 0.7002723897366262 49.20480673057136 -21.297482945301454 -1.5344907205018234 -0.2460339083439882
Stone 0.5986846143216398 0.8253060942907354 0.6420842305887968 37.63381856502019 -22.182251821721366 -2.049543853426801 -0.49085889883996675
Stone 0.42823866065635324 1.6076889465805129 0.9237032561024952 31.139169105176734 6.552234927547715 -2.447310064174206 -0.5350686104895175
Stone 2.1394303442353286 1.8861119636210772 1.342811256049381 75.60505886435112 -15.759624446181078 1.542007136937531 0.5497787143782142
Dust 0.6884004856432105 1.7840849089404858 1.3280864426161483 3.9664631279582356 3.1196156475251686 -0.9891673651464917 3.013973161087529
Dust 0.45087579661833144 3.982191955735157 1.0435038417440958 20.597232567782413 -0.014155542149650147 -0.34043224029154817 3.0995040730573127
Dust 0.1548599898815155 2.507655143737793 0.7411518096923828 20.59095001220703 -0.3482615351676941 -0.36387401819229126 0.0