Stone 0.777251873574619 1.014833661095458 0.9071701906881946 25.49543470485068 -15.148262671274761 -0.7071430155823804 -0.2988262809166944
Stone 0.5665683009646424 0.7474128289925159 0.6424162451680309 25.218356791357202 -16.963252876894867 -0.8899851334773892 -0.2617409917961641
Car 2.487196358973692 2.51716179662646 5.967953600292536 33.403470996765236 -4.468379322017215 2.1921860149569063 -0.2214139796319201
Stone 0.7138643773217663 0.7803623649965619 0.8161133775283342 36.61342021506576 -26.66035951594502 1.3048853477065663 0.1308996938995747
Stone 0.4996303570112867 0.6605158690179487 0.7997907010755874 24.68305798258005 -13.965800257226256 -0.846742470083945 -0.28932663838434514
Dust 2.363763968466133 1.92597519994579 7.021622177362109 17.987306660714147 -2.3135086656779213 0.6173231294984612 -0.02617993877991509
Dust 0.9670363889233754 3.0282323513522758 4.412728584213789 28.108770091631644 -3.4789431923290666 0.9548673424432851 -0.23062235996314265
Stone 0.4026346988722209 0.6248301273392113 0.628383536128499 9.59870799941823 4.566701049059827 -2.42221485076994 0.16277778310401025
Stone 0.3420484160198853 0.41374106220155604 0.3914278024610661 7.159174191274034 4.425687386684335 -2.7537442629390596 0.09627034934110082
Stone 0.3884632525699155 0.7088970543812462 0.7326449440355011 18.305305960724 9.309327648790676 -0.9553869526090705 0.03816587891439194
Stone 0.46325341339265463 1.0266300761700289 1.1064705864413382 21.78594173703744 12.693441660439996 -0.1581166463011857 0.06434581769430688
Stone 0.38593212204196736 0.4695167408509624 0.5026174927765991 20.332591352352058 12.40456445596055 -0.35690418783588035 0.02101858910891989
Dust 1.6536439657211304 2.3098037242889404 4.089254379272461 27.947078704833984 -4.108297824859619 0.637116014957428 0.0
Dust 0.684349000453949 0.932947039604187 0.5335311889648438 15.157153129577637 -2.0663135051727295 -0.024340510368347168 0.0
Dust 1.7878570556640625 1.6038529872894287 2.804349899291992 19.914997100830078 -2.340576648712158 0.5689564943313599 0.0
Dust 0.7316449880599976 0.2405470609664917 0.38938140869140625 26.56079864501953 -1.986635446548462 0.35972750186920166 0.0