Car 2.487196358973692 2.51716179662646 5.967953600292536 12.075916717875863 5.506139952886059 -1.8448663797862292 3.0878313399435466
Stone 0.8797284704386017 0.9325734115442679 1.2184744691204688 39.51844614061624 34.16473310859685 -0.7089870755042857 0.28813651018963893
Obstacle 1.2658444012467998 0.8072173671726093 0.9028210395933036 22.099050055611983 -2.9638983942474253 -1.5855852129080379 -0.07688599335631778
Dust 4.020697561956261 6.690866670711888 21.95265929883561 43.814664853201755 -2.1665879349361283 2.339722470251589 3.036585751273985
Dust 0.8162184385660882 0.7515239623653815 3.3897259126585793 13.270898561713238 3.7851473217874134 -2.223247819313742 3.089002151467158
Dust 4.133301304618934 4.763105298709833 4.286099455236801 28.869299248177764 2.274088952561091 0.7498185950718416 3.0281462522101616
Dust 2.5459840029159 2.765547108192129 8.006853099159745 19.029698026817673 3.960790594050629 -1.4088192493360914 3.0645521792212955
Stone 0.40033733761080414 0.4081492202682925 0.42724299578402813 22.291158855200514 -9.162720708768596 -1.9078655178892672 -0.03410428640875527
Dust 3.9696788787841797 4.416912078857422 3.4152679443359375 28.7710018157959 2.212329864501953 0.3460955023765564 0.0
Dust 2.4814891815185547 2.8357622623443604 11.443601131439209 17.345908403396606 4.000975131988525 -1.6191275119781494 0.0
Dust 0.8276779651641846 1.3065439462661743 1.1290359497070312 35.91477966308594 0.670710027217865 1.721032977104187 0.0
Dust 2.0344388484954834 3.9230960607528687 5.37498664855957 44.57979869842529 -1.9396881461143494 1.0559824705123901 0.0
Dust 2.7566471695899963 2.677819848060608 1.2417831420898438 50.552207946777344 -3.449554145336151 1.6823275983333588 0.0
Dust 0.3885689973831177 0.7223677635192871 0.8132133483886719 52.43544006347656 -4.665973663330078 1.2760095596313477 0.0