Stone 0.5498596581823586 0.64402374670713 0.6148170331514813 37.507609675865524 -18.740573820448844 -2.186522498294673 -0.2460339083439882
Stone 0.6793052389274136 0.960390096122341 0.7452157819574126 38.755611175247395 -21.951845149416158 -1.9656457153748212 -0.4974188368183843
Stone 0.46514834588425524 1.014408337845242 0.8665030820426665 30.041383400440964 -29.17601164146913 -2.287095430480012 -0.2460339083439882
Stone 0.5498596581823586 0.64402374670713 0.6148170331514813 32.20034305285094 -30.142278350200513 -2.12252249829465 -0.2460339083439882
Stone 0.6431855722368238 0.7062410227434401 0.6472392822128488 29.176373407407937 -33.74737549591464 -2.0545262079340842 -0.2460339083439882
Stone 0.5965226152095913 0.846229893825138 0.6148170331514813 37.17219424694122 -25.203696386935917 -1.9991910197810336 -0.2460339083439882
Stone 0.581408293636652 0.8488698784419682 0.7670831210548372 38.444502117747106 -24.266733458119916 -1.9423024995765807 -0.32457372468373286
Stone 0.6609085665530372 0.7529039797706728 0.7002723897366262 49.203312819776784 -21.399032384606926 -1.4928734613644337 -0.2460339083439882
Stone 0.5986846143216398 0.8253060942907354 0.6420842305887968 37.63381856502019 -22.182251821721366 -2.049543853426801 -0.49085889883996675
Car 2.487196358973692 2.51716179662646 5.967953600292536 19.845331227266712 -0.005978800612179709 -2.024313674591831 -0.3621558197888235
Stone 0.42823866065635324 1.6076889465805129 0.9237032561024952 31.13916910517719 6.552234927546692 -2.447310064174206 -0.5350686104895175
Stone 2.1394303442353286 1.8861119636210772 1.342811256049381 75.6050588643509 -15.759624446181078 1.542007136937531 0.549778714378214
Dust 2.5314611522735735 4.499235066318129 3.010479109200913 2.8265397130925365 -1.1859637017150444 -0.29173396345496233 3.115412714809878
Dust 2.9562728677094308 4.700176621565126 7.68425028968047 8.819589462546743 4.685429714082593 -1.6192501714253016 -0.3112503832723223
Dust 1.7879336760838387 1.9727951407355029 2.766538667728501 15.485573368944841 0.9138820602207566 -1.9643965647228336 -0.3577924966588379
Dust 0.1235799789428711 0.12881898880004883 0.18369793891906738 3.4876627922058105 -1.9141185283660889 -0.5966129899024963 0.0
Dust 1.8341950178146362 2.3187179565429688 2.505857467651367 15.794676780700684 0.8937540054321289 -2.1039865016937256 0.0
Dust 3.085577964782715 4.769747495651245 7.50916862487793 8.644945621490479 4.1461018323898315 -1.8539719581604004 0.0
Dust 0.04217803478240967 0.07069000601768494 0.17485404014587402 3.0052971839904785 0.46302199363708496 0.5151770114898682 0.0
Dust 0.010528996586799622 0.08065098524093628 0.05450797080993652 2.494758129119873 -0.9137364625930786 0.22815948724746704 0.0