Car 2.487196358973692 2.51716179662646 5.967953600292536 100.98949221329016 17.023062923504675 5.396547250355788 1.4200065060281648
Obstacle 0.8493438287378251 0.8627507768404725 0.9028210395933036 52.88454748932174 4.599186331908737 0.8724667885106485 -0.07688599335631789
Dust 4.856934124722351 11.842061683499253 9.601314293881531 6.798634455777704 -3.402810280146483 0.432208335468764 0.2629903481856404
Dust 4.591892410385784 6.543634951177857 19.71654394150556 22.52217278644366 -3.9393894277134183 2.1572724307150293 0.22104563138265307
Obstacle 1.3997738564496771 0.7825295672326695 0.6513643459262873 21.02318136705253 4.732043986508302 -1.391131607703156 -0.2594156687403045
Dust 0.9362240596189901 1.8222737727513292 1.5395352814875607 53.74135587895713 5.553517028460603 1.9503144019470664 -0.0016791575325074731
Dust 2.280709981918335 2.4847949147224426 2.290809988975525 3.054427921772003 -1.8273444473743439 -0.4792439937591553 0.0
Dust 0.40629100799560547 0.07924902439117432 0.15891599655151367 2.7812769412994385 1.0112824440002441 0.10072949528694153 0.0
Dust 0.6345870494842529 1.583752155303955 0.8399314880371094 53.73402404785156 5.527170181274414 1.8855425119400024 0.0
Dust 0.12719999253749847 0.28389400243759155 0.11536026000976562 23.910486221313477 -1.0455009937286377 0.25075599551200867 0.0
Dust 1.236847996711731 2.9991910457611084 1.6532516479492188 30.2777156829834 -3.0289673805236816 0.9838590025901794 0.0
Dust 2.8994298577308655 1.5454477071762085 1.628748893737793 27.124372959136963 -4.489771902561188 2.5366680324077606 0.0
Dust 1.0056999921798706 0.9813458919525146 1.1503543853759766 22.48089599609375 -4.1170878410339355 0.6312870383262634 0.0
Dust 4.109813213348389 3.0377037525177 7.472548484802246 14.491661071777344 -4.689248085021973 1.773355484008789 0.0
Dust 0.25901901721954346 0.2425398826599121 0.5027751922607422 19.555339813232422 -6.828499794006348 1.792100429534912 0.0
Dust 0.6928009986877441 0.49175024032592773 0.6495952606201172 16.808246612548828 -7.655381202697754 2.845336437225342 0.0
Dust 2.1042520999908447 3.7611591815948486 1.5432329177856445 8.141447067260742 -5.688783645629883 1.0139089822769165 0.0