Stone 0.5498596581823586 0.64402374670713 0.6148170331514813 37.345232837848016 -18.548233305769372 -2.155855831627983 -0.2460339083439882
Stone 0.6793052389274136 0.960390096122341 0.7452157819574126 38.661028483491464 -21.900490937841823 -1.9656457153748212 -0.4974188368183842
Stone 0.46514834588425524 1.014408337845242 0.8665030820426665 30.128598539000905 -29.025033457739028 -2.287095430480012 -0.2460339083439882
Stone 0.5498596581823586 0.64402374670713 0.6148170331514813 32.200343052845255 -30.142278350195284 -2.12252249829465 -0.2460339083439882
Stone 0.6431855722368238 0.7062410227434401 0.6472392822128488 29.130612969834146 -33.67003914520137 -2.0958595412674175 -0.2460339083439882
Stone 0.5965226152095913 0.846229893825138 0.6148170331514813 37.17219424694122 -25.203696386935917 -1.9991910197810336 -0.2460339083439882
Stone 0.581408293636652 0.8488698784419682 0.7670831210548372 38.444502117747106 -24.266733458125145 -1.9423024995765807 -0.3245737246837331
Stone 0.6609085665530372 0.7529039797706728 0.7002723897366262 49.17868126558642 -21.23818640960144 -1.5717587537254796 -0.2460339083439882
Stone 0.5986846143216398 0.8253060942907354 0.6420842305887968 37.63381856502019 -22.182251821721366 -2.049543853426801 -0.49085889883996675
Stone 0.42823866065635324 1.6076889465805129 0.9237032561024952 31.139169105175824 6.552234927547488 -2.447310064174206 -0.5350686104895175
Stone 2.1394303442353286 1.8861119636210772 1.342811256049381 75.63916447092515 -15.738724503592493 1.542007136937531 0.5497787143782142
Dust 6.2918289363351665 15.020836219826046 6.076996745091798 8.277563333207196 -2.067798257186433 0.9618640262898218 1.2594050072884277
Dust 2.5928989350795746 4.654605895280838 4.518742799758911 4.049855351448059 -1.9377789348363876 -0.2861115485429764 0.0
Dust 0.9393619894981384 0.731328010559082 1.0240719318389893 2.61270809173584 1.6163330078125 -0.4809519946575165 0.0
Dust 0.8880209922790527 3.7140660285949707 1.7940006256103516 12.89989948272705 -4.724518775939941 2.881730556488037 0.0