Stone 0.5498596581823586 0.64402374670713 0.6148170331514813 37.32735365339765 -18.67623425943293 -2.1331901415238512 -0.2460339083439882
Stone 0.6793052389274136 0.960390096122341 0.7452157819574126 38.76225722966264 -21.955453662540094 -1.9656457153748212 -0.4974188368183843
Stone 0.46514834588425524 1.014408337845242 0.8665030820426665 30.059433985181666 -29.11833467168526 -2.287095430480012 -0.2460339083439882
Stone 0.5498596581823586 0.64402374670713 0.6148170331514813 32.200343052855885 -30.142278350206652 -2.12252249829465 -0.2460339083439882
Stone 0.6431855722368238 0.7062410227434401 0.6472392822128488 29.196877394247412 -33.76213406741408 -2.0838595412674144 -0.2460339083439882
Stone 0.5965226152095913 0.846229893825138 0.6148170331514813 37.17219424694122 -25.203696386935917 -1.9991910197810336 -0.2460339083439882
Stone 0.581408293636652 0.8488698784419682 0.7670831210548372 38.444502117747106 -24.266733458113777 -1.9423024995765807 -0.32457372468373274
Stone 0.6609085665530372 0.7529039797706728 0.7002723897366262 49.169102854220064 -21.19530963986017 -1.5482663796427951 -0.2460339083439882
Stone 0.5986846143216398 0.8253060942907354 0.6420842305887968 37.63381856502019 -22.182251821721366 -2.049543853426801 -0.49085889883996675
Stone 0.42823866065635324 1.6076889465805129 0.9237032561024952 31.13916910517719 6.552234927547033 -2.447310064174206 -0.5350686104895175
Stone 2.1394303442353286 1.8861119636210772 1.342811256049381 75.60505886435067 -15.759624446181078 1.542007136937531 0.5497787143782142
Dust 5.855127827652503 7.903343253892466 7.221003308642466 21.50302911698394 0.5189040233861204 2.5043928970599203 -0.5511870428555308
Dust 5.3173740117837065 9.949250488730424 11.296342951299252 10.43900650046995 0.6987239702805286 1.2369246239797633 2.7401669256310983
Dust 4.595099925994873 1.7384330034255981 4.545533180236816 14.741792678833008 2.5084965229034424 1.1114230155944824 0.0
Dust 1.2660170495510101 2.2806129455566406 5.186107158660889 7.551487684249878 0.7344574928283691 1.223859503865242 0.0
Dust 1.1796560287475586 0.6789159774780273 0.6060962677001953 20.801708221435547 4.522292137145996 0.6770440340042114 0.0
Dust 4.253625869750977 6.477991104125977 5.063981056213379 20.961071491241455 0.3048485517501831 1.8615690469741821 0.0
Dust 0.3353879451751709 0.4633018970489502 0.6856179237365723 7.084999084472656 -1.9334169626235962 1.622992992401123 0.0