Stone 0.5498596581823586 0.64402374670713 0.6148170331514813 37.48429334370101 -18.541912428488445 -2.069189164961318 -0.2460339083439882
Stone 0.6793052389274136 0.960390096122341 0.7452157819574126 38.74231906641365 -21.944628123165817 -1.9656457153748212 -0.4974188368183843
Stone 0.46514834588425524 1.014408337845242 0.8665030820426665 30.039467540620535 -29.073119470866843 -2.287095430480012 -0.2460339083439882
Stone 0.5498596581823586 0.64402374670713 0.6148170331514813 32.20034305284571 -30.142278350195284 -2.12252249829465 -0.2460339083439882
Stone 0.6431855722368238 0.7062410227434401 0.6472392822128488 29.160988812502183 -33.73313049679483 -2.0958595412674175 -0.2460339083439882
Stone 0.5965226152095913 0.846229893825138 0.6148170331514813 37.17219424694122 -25.203696386935917 -1.9991910197810336 -0.2460339083439882
Stone 0.581408293636652 0.8488698784419682 0.7670831210548372 38.444502117747106 -24.266733458125145 -1.9423024995765807 -0.3245737246837331
Stone 0.6609085665530372 0.7529039797706728 0.7002723897366262 49.204277080803976 -21.214901573650337 -1.5227037747659409 -0.2460339083439882
Stone 0.5986846143216398 0.8253060942907354 0.6420842305887968 37.63381856502019 -22.182251821721366 -2.049543853426801 -0.49085889883996675
Car 2.487196358973692 2.51716179662646 5.967953600292536 21.38406506077881 2.2363313002471505 -1.9391960945062259 0.023675192070136068
Stone 0.42823866065635324 1.6076889465805129 0.9237032561024952 31.139169105175824 6.552234927547884 -2.447310064174206 -0.5350686104895175
Stone 2.1394303442353286 1.8861119636210772 1.342811256049381 75.60505886435112 -15.759624446181078 1.542007136937531 0.5497787143782142
Dust 4.662059406545918 11.23263739493562 5.862039899026842 7.491668194893304 -3.5094443768499985 -0.47577425228261516 0.5061454830783559
Dust 2.8842694073055 5.064854755909766 6.547103083282858 15.099253357906294 0.20767088368845002 -1.3576187838530471 0.03636102608321564
Dust 4.496270060539246 6.644029915332794 6.876603841781616 7.8003236055374146 -4.355367034673691 -0.697191059589386 0.0
Dust 1.9002180099487305 3.8126089572906494 3.857916831970215 16.388339042663574 0.8873645067214966 -2.0685369968414307 0.0
Dust 0.2686319947242737 0.3857349753379822 1.3571698665618896 3.7233128547668457 0.083017498254776 0.4821679890155792 0.0
Dust 0.3987810015678406 0.41355299949645996 0.9271841049194336 12.584203720092773 -1.9909135103225708 -0.36493250727653503 0.0