Stone 0.5498596581823586 0.64402374670713 0.6148170331514813 38.73311892494278 -17.985643459589742 -2.1825224982946505 -0.2460339083439882
Stone 0.6793052389274136 0.960390096122341 0.7452157819574126 40.09437785305578 -21.18996983941375 -1.8756457153748212 -0.4974188368183842
Stone 0.46514834588425524 1.014408337845242 0.8665030820426665 31.09220981081235 -28.915398601882828 -2.1670954304800114 -0.2460339083439882
Stone 0.5498596581823586 0.64402374670713 0.6148170331514813 32.85903637618617 -32.4189869212574 -2.0081035960034233 -0.2460339083439882
Stone 0.6431855722368238 0.7062410227434401 0.6472392822128488 30.419874941941604 -33.23228281444195 -1.9027367969810052 -0.2460339083439882
Stone 0.581408293636652 0.8488698784419682 0.7670831210548372 39.68118637048583 -23.92476108976273 -1.8317420923223326 -0.324573724683733
Stone 0.6609085665530372 0.7529039797706728 0.7002723897366262 50.30229151451308 -20.410006261149825 -1.5356076088521557 -0.2460339083439882
Stone 0.5986846143216398 0.8253060942907354 0.6420842305887968 38.89898313126205 -21.824116519327475 -1.817892004243222 -0.49085889883996675
Stone 0.42823866065635324 1.6076889465805129 0.9237032561024952 32.03905068319082 7.131675131362561 -2.547310064174206 -0.5350686104895175
Stone 2.1394303442353286 1.8861119636210772 1.342811256049381 76.69096894788079 -14.554677150702718 1.7126913600050968 0.5497787143782142
Stone 1.0144228367143593 1.1707461067211018 0.8924581383634693 14.273902741812414 -14.871962112724685 -2.7905748621885915 -0.2879793265790643
Dust 2.4927895642883593 6.020668576231239 2.9319067086466273 3.9504376266242693 -2.0521081629329254 0.38651729441797056 1.2594050072884277
Dust 1.4367090314626694 1.8629670143127441 4.627884864807129 3.894045352935791 -2.336482524871826 0.07818149775266647 0.0