Truck 8.700537776265904 9.66427661360857 15.136278998824569 38.004969034832826 10.366314691739086 -0.045625162465192964 0.42967623500712626
Truck 10.044734623933419 10.439880383290443 17.68232272526821 82.31938594936446 35.19129420974059 0.9570425286415143 2.6609945414436944
Engineering 22.401351194129283 14.892641232793665 32.483089152702206 92.84101829908028 45.19971525161329 7.039876570575383 -1.5113836718354883
Stone 1.084773227776514 1.373932709760114 1.4483161825974498 49.9860183320302 41.4546237658692 -3.1147964886721153 -1.4398966328953213
Dust 9.135941421765931 33.63632359444906 49.62407832730769 18.86824533828883 -6.1545415970462045 -0.5865727821185105 -1.123065405156793
Dust 3.9036369634288968 13.837524309163463 5.537954076589521 29.607136101215882 19.072464602843084 -1.736635181898479 0.4636271067696007
Dust 12.454787209884842 7.0219348559674595 37.87574296578282 47.778617559646015 18.93520415419787 3.7164331897323724 -1.2639827372170995
Dust 11.211153724748124 30.76002582640892 68.60979269005837 95.72939921890216 -36.820213673592164 7.337747565910207 1.1780972450961724
Dust 7.193169116973877 42.47267436981201 19.60576629638672 27.073287963867188 0.22161626815795898 -0.16605854034423828 0.0
Dust 4.299390912055969 7.117511034011841 8.608042478561401 6.133721470832825 -0.8414124250411987 -1.3626154065132141 0.0
Dust 2.0561299324035645 1.5380725860595703 2.8437509536743164 25.70436716079712 -22.061473846435547 -1.2247139811515808 0.0
Dust 1.2330920696258545 1.2797279357910156 1.4353551864624023 15.024686813354492 0.6304370164871216 -1.4351540803909302 0.0
Dust 0.3312259912490845 0.5237571001052856 0.2692298889160156 11.793187141418457 2.1149115562438965 -1.6031379699707031 0.0
Dust 0.08039295673370361 0.06236100196838379 0.17006301879882812 13.661401748657227 3.9330506324768066 -1.584073543548584 0.0
Dust 3.986669957637787 1.1653566360473633 1.4978256225585938 47.289175033569336 19.06155824661255 1.2037899792194366 0.0
Dust 1.9783869981765747 1.6489191055297852 0.9314231872558594 13.610679626464844 7.957606077194214 -2.517120599746704 0.0
Dust 0.040969133377075195 0.18173789978027344 0.3824014663696289 10.817893981933594 6.5636091232299805 -3.1378183364868164 0.0
Dust 2.029264122247696 1.4494693279266357 0.6201086044311523 9.677369594573975 6.345404505729675 -1.5131370276212692 0.0
Dust 2.1287789344787598 1.4195747375488281 2.5426406860351562 45.78071975708008 26.823017120361328 -0.12187647819519043 0.0
Dust 0.11888599395751953 0.19847965240478516 0.10015487670898438 12.612639427185059 10.238349914550781 -3.385451078414917 0.0
Dust 0.37958788871765137 0.4052696228027344 0.2351398468017578 23.654598236083984 19.36078453063965 -3.0918779373168945 0.0
Dust 0.5396300554275513 0.1701827049255371 0.4069328308105469 11.932822227478027 7.761205673217773 -1.627737045288086 0.0
Dust 1.4422731399536133 3.1192212104797363 2.4092559814453125 51.59394836425781 6.068248748779297 6.872685432434082 0.0
Dust 0.3723020553588867 1.076019287109375 1.2620010375976562 95.99159240722656 -20.70906639099121 9.046157836914062 0.0
Dust 0.7163200378417969 2.6641387939453125 1.2492523193359375 92.49313354492188 -37.820098876953125 9.913168907165527 0.0
Dust 0.30669593811035156 0.71539306640625 0.8197021484375 90.79109191894531 -37.465476989746094 9.10520076751709 0.0
Dust 2.6278743743896484 7.37559700012207 5.402381896972656 86.8565673828125 -46.553160667419434 8.71653413772583 0.0
Dust 0.6499252319335938 2.2329750061035156 2.1741867065429688 91.56906127929688 -50.135658264160156 10.70232105255127 0.0
Dust 0.009667396545410156 0.704681396484375 0.33748626708984375 94.76985168457031 -52.62519073486328 11.837884902954102 0.0
Dust 0.0891580581665039 0.5397453308105469 0.574493408203125 93.59548950195312 -51.86344909667969 11.440954208374023 0.0
Dust 0.5446357727050781 1.5098800659179688 0.5769729614257812 86.87684631347656 -52.03305435180664 9.33691120147705 0.0
Dust 1.1988835334777832 3.209695816040039 2.3355979919433594 92.06553840637207 -57.06980228424072 11.507787466049194 0.0
Dust 0.40564441680908203 1.0499610900878906 0.94403076171875 88.13186645507812 -54.52753448486328 9.917749404907227 0.0
Dust 0.253682017326355 0.09043502807617188 0.4257392883300781 36.19744110107422 -21.59026336669922 1.869616985321045 0.0
Dust 0.08618354797363281 0.41278839111328125 0.6277847290039062 83.62974548339844 -55.29588317871094 8.446959495544434 0.0
Dust 0.22902488708496094 0.253509521484375 0.21128082275390625 82.23588562011719 -55.31393814086914 7.6676435470581055 0.0
Dust 1.0996899604797363 0.9864997863769531 1.5636138916015625 78.14604949951172 -52.55921936035156 5.459735870361328 0.0
Dust 0.22905540466308594 0.17737579345703125 0.06177520751953125 83.67369079589844 -59.79158401489258 9.272662162780762 0.0