Truck 8.700537776265904 9.771738976092369 15.136278998824569 37.471945772393155 10.252869362712659 -0.045625162465192964 0.43744840433241566
Truck 10.044734623933419 10.439880383290443 17.68232272526821 82.31938594936446 35.19129420974059 0.9570425286415143 2.6609945414436944
Engineering 22.401351194129283 14.892641232793665 32.483089152702206 96.29117309165395 45.448248456712804 7.039876570575383 -0.7140253893040566
Stone 1.084773227776514 1.373932709760114 1.4483161825974498 49.9860183320302 41.4546237658692 -3.1147964886721153 -1.4398966328953213
Dust 8.16538116389501 33.557567457524335 49.62407832730769 16.41000821154625 -7.122746435000698 -0.895851478248775 -1.1348215859990611
Dust 5.010073661804199 8.48666763305664 8.55036735534668 5.952848434448242 -1.6472365856170654 -1.324834942817688 0.0
Dust 0.6655200123786926 0.5319366455078125 1.2762842178344727 13.622875213623047 -12.047144889831543 -0.2027200162410736 0.0
Dust 0.25468698143959045 0.3021507263183594 0.3544473648071289 9.971315383911133 -6.675962448120117 -0.5467795133590698 0.0
Dust 1.3320950269699097 1.7970848083496094 0.8640079498291016 23.552837371826172 -12.625507354736328 -1.2064485549926758 0.0
Dust 0.8082020282745361 0.8810787200927734 0.3137626647949219 24.852554321289062 -13.27967357635498 -2.4910311698913574 0.0
Dust 0.8664460182189941 0.5440130233764648 0.5055694580078125 23.383617401123047 -9.084720611572266 -1.0200350284576416 0.0
Dust 1.1496350765228271 1.1493709087371826 1.2880382537841797 27.654136657714844 -1.7840625047683716 -1.230852484703064 0.0
Dust 0.176474928855896 0.24837100505828857 0.2125530242919922 25.859237670898438 -0.1505964994430542 -1.9348564147949219 0.0
Dust 0.13966798782348633 0.13612079620361328 0.1612377166748047 23.436317443847656 6.116777420043945 -3.3667519092559814 0.0
Dust 0.4380650520324707 0.35602378845214844 0.4716014862060547 24.83309555053711 17.551475524902344 -3.1473405361175537 0.0
Dust 0.9144060611724854 1.1431102752685547 1.3577651977539062 25.317951202392578 -16.079761505126953 -2.7624459266662598 0.0
Dust 0.5423119068145752 0.965123176574707 0.5904598236083984 12.890233993530273 -9.894935607910156 -1.7530080080032349 0.0