Truck 8.700537776265904 9.771738976092369 15.136278998824569 37.68695213685328 10.321202997198725 -0.045625162465192964 0.43417591198492544
Truck 10.044734623933419 10.439880383290443 17.68232272526821 82.31938594936446 35.19129420974059 0.9570425286415143 2.6609945414436944
Engineering 22.401351194129283 14.892641232793665 32.483089152702206 96.13037571672885 45.43157068741789 7.039876570575383 -0.6782133221697678
Stone 1.084773227776514 1.373932709760114 1.4483161825974498 49.9860183320302 41.4546237658692 -3.1147964886721153 -1.4398966328953213
Dust 7.998340713074097 33.89164835916616 49.62407832730769 17.307298639224268 -6.77541129955782 -0.8123312528383184 -1.1841519289765947
Dust 2.8753093148435758 13.067940517799872 8.484627110016381 29.88144467063797 20.444910889721996 -1.6902555932552457 0.4636271067696007
Dust 4.924647331237793 12.062285423278809 10.649641036987305 6.963506698608398 -2.569558620452881 -1.664041519165039 0.0
Dust 4.133225083351135 30.993234634399414 17.33208417892456 23.649766206741333 -8.035259246826172 -1.7949214577674866 0.0
Dust 1.765434980392456 2.186575174331665 1.298797607421875 13.573723793029785 -4.129474639892578 -2.9960856437683105 0.0
Dust 0.42052388191223145 0.24001097679138184 0.7621822357177734 13.701169967651367 -1.7598015069961548 -3.566556930541992 0.0
Dust 0.9711408615112305 2.7741661071777344 1.822336196899414 29.81501007080078 14.881961822509766 -2.7725465297698975 0.0
Dust 1.087744951248169 2.5683541297912598 0.8637180328369141 9.115429878234863 5.689408302307129 -0.8949044942855835 0.0
Dust 0.3422210216522217 0.4176340103149414 0.31879615783691406 25.556865692138672 13.018835067749023 -2.8627915382385254 0.0
Dust 0.28133416175842285 0.07783699035644531 0.2123584747314453 23.65221405029297 12.819048881530762 -2.6360421180725098 0.0
Dust 0.5502691268920898 1.996088981628418 0.6324520111083984 24.165599822998047 15.121719360351562 -2.272911548614502 0.0
Dust 0.20378994941711426 0.005855560302734375 0.18611907958984375 23.929765701293945 17.365001678466797 -3.145875930786133 0.0