Truck 8.700537776265904 9.771738976092369 15.136278998824569 37.44506997683561 10.244327658401915 -0.045625162465192964 0.43785746587585184
Truck 10.044734623933419 10.439880383290443 17.68232272526821 82.31938594936446 35.19129420974059 0.9570425286415143 2.6609945414436944
Engineering 22.401351194129283 14.892641232793665 32.483089152702206 96.30448630345995 45.442725362384635 7.039876570575383 -0.7185281206368127
Stone 1.084773227776514 1.373932709760114 1.4483161825974498 49.9860183320302 41.4546237658692 -3.1147964886721153 -1.4398966328953213
Dust 7.823113618093771 33.557567457524335 49.62407832730769 16.27836973904466 -7.173778880499048 -0.724717705348155 -1.12515781693049
Dust 0.8699951291831165 0.26277539653806015 0.9734285976419454 31.29539440422299 16.842638919335293 -3.3157015535667167 0.07853981633974483
Dust 2.854539066553116 8.971215963363647 7.403903245925903 5.371615529060364 -1.4973269701004028 -0.8420845717191696 0.0
Dust 0.8185789585113525 0.7304420471191406 0.496856689453125 23.77449607849121 -17.091562271118164 -0.9825634956359863 0.0
Dust 3.9840080440044403 3.6311349868774414 1.8919525146484375 23.028501510620117 -13.58016586303711 -1.152809038758278 0.0
Dust 2.3097801208496094 3.1433463096618652 1.2637672424316406 11.22075366973877 -4.1862382888793945 -0.34607401490211487 0.0
Dust 0.2706249952316284 0.2075967788696289 0.37456512451171875 26.036706924438477 -11.108509063720703 -1.3580875396728516 0.0
Dust 1.4078470468521118 1.3135638236999512 1.5145931243896484 29.099212646484375 -5.852841377258301 -1.030227541923523 0.0
Dust 1.784235954284668 1.5987179279327393 1.3394927978515625 26.468860626220703 -4.358219146728516 -1.1708779335021973 0.0
Dust 1.6794970035552979 5.0184760093688965 2.9008426666259766 22.784828186035156 -1.9539059400558472 -1.4347895383834839 0.0
Dust 0.7643679976463318 1.7686480283737183 1.4138069152832031 11.312138557434082 0.6986929774284363 -0.34804901480674744 0.0
Dust 1.0256199836730957 2.724459171295166 2.315763473510742 26.97332763671875 1.8929314613342285 -1.695214033126831 0.0
Dust 0.18657994270324707 2.434760570526123 1.5751838684082031 23.357654571533203 5.46859073638916 -3.302460193634033 0.0
Dust 0.11289381980895996 0.21023225784301758 0.3144874572753906 25.599809646606445 5.606682777404785 -3.1724390983581543 0.0
Dust 2.2808240950107574 4.329553127288818 2.072146415710449 9.040864944458008 5.976814270019531 -0.2208300083875656 0.0
Dust 0.31331396102905273 0.20458984375 0.30841064453125 31.29324722290039 16.859832763671875 -3.2711429595947266 0.0
Dust 0.3240549564361572 0.4309873580932617 0.28398704528808594 25.254562377929688 13.299327850341797 -2.9115076065063477 0.0
Dust 0.1857459545135498 0.2485041618347168 0.1425609588623047 19.294898986816406 6.9746551513671875 -2.625476837158203 0.0