Stone 0.5498596581823586 0.64402374670713 0.6148170331514813 37.508402331078514 -18.736390915033326 -2.183855831628006 -0.2460339083439882
Stone 0.6793052389274136 0.960390096122341 0.7452157819574126 38.75530908186499 -21.95168112609224 -1.9656457153748212 -0.4974188368183843
Stone 0.46514834588425524 1.014408337845242 0.8665030820426665 30.040562919316358 -29.178633321913935 -2.287095430480012 -0.2460339083439882
Stone 0.5498596581823586 0.64402374670713 0.6148170331514813 32.20034305285071 -30.142278350200286 -2.12252249829465 -0.2460339083439882
Stone 0.6431855722368238 0.7062410227434401 0.6472392822128488 29.175441408006236 -33.74670465175552 -2.0531928746007506 -0.2460339083439882
Stone 0.5965226152095913 0.846229893825138 0.6148170331514813 37.17219424694122 -25.203696386935917 -1.9991910197810336 -0.2460339083439882
Stone 0.581408293636652 0.8488698784419682 0.7670831210548372 38.444502117747106 -24.266733458120143 -1.9423024995765807 -0.32457372468373286
Stone 0.6609085665530372 0.7529039797706728 0.7002723897366262 49.19870114577918 -21.394753192528242 -1.4967190366690133 -0.2460339083439882
Stone 0.5986846143216398 0.8253060942907354 0.6420842305887968 37.63381856502019 -22.182251821721366 -2.049543853426801 -0.49085889883996675
Car 2.487196358973692 2.51716179662646 5.967953600292536 17.288411674054885 0.8877321613036651 -2.1176470079251644 -0.2967059728390364
Stone 0.42823866065635324 1.6076889465805129 0.9237032561024952 31.13916910517719 6.552234927546692 -2.447310064174206 -0.5350686104895175
Stone 2.1394303442353286 1.8861119636210772 1.342811256049381 75.6050588643509 -15.759624446181078 1.542007136937531 0.549778714378214
Dust 1.9978238964550996 3.0211182175785805 2.7984670344449625 2.2429672384543387 -1.5901795650483144 -0.4211247595790133 3.115412714809878
Dust 2.6389452797770714 3.557685117765345 9.878405492093902 9.739695779000343 3.6078853042224472 -1.8028510254239767 -0.2918578360279409
Dust 0.8929960131645203 0.9038619995117188 1.7674560546875 2.7080650329589844 -1.8603370189666748 -0.4706589877605438 0.0
Dust 2.778852939605713 4.868896007537842 9.456226348876953 9.808765411376953 3.430722951889038 -2.032346487045288 0.0