Dust 3.2512076366219835 6.833580831247438 8.507720194213784 15.753112205171355 -1.8449879387077681 1.5233298688045347 0.14470488063869563
Dust 3.1397303169477255 4.393321583333705 5.6170657694198844 27.717524174466213 -0.5929633292875193 2.395550936285274 0.2654207868058237
Obstacle 1.3997738564496771 0.7825295672326695 0.6513643459262873 36.940127985597904 4.116605129889028 2.3725836174306076 -0.2594156687403045
Dust 2.3883014641165756 3.3277718935646456 3.7685161739141577 38.71793109448398 0.9844742873582226 3.747474055215457 0.39269908169872497
Dust 2.4201241750585263 4.560433103999794 3.405442051203448 48.18996936646407 2.3164790966124764 6.404207721421316 0.1308996938995747
Dust 3.821077711837019 3.6886183543252025 7.008345017318073 69.25946383210714 6.2314153300932 9.173373500057687 0.2660520770685923
Dust 2.425302505493164 4.185063600540161 3.694671630859375 68.43774795532227 5.965701460838318 7.742273330688477 0.0
Dust 3.3498451709747314 2.5095396041870117 1.7626953125 71.7995834350586 7.15117883682251 8.889094233512878 0.0
Dust 0.9310307502746582 1.2662081718444824 0.949310302734375 47.21256637573242 3.4193270206451416 6.21240234375 0.0
Dust 2.5548791885375977 3.832334041595459 3.8515853881835938 13.921149253845215 -0.8495950698852539 1.4032654762268066 0.0
Dust 2.052442789077759 1.730968952178955 3.2103729248046875 39.0130729675293 1.3680825233459473 3.634612560272217 0.0
Dust 1.8491379022598267 3.377930164337158 2.327465057373047 26.254274368286133 -0.5516110062599182 1.8530700206756592 0.0
Dust 0.7946720123291016 1.2476780414581299 1.1136589050292969 48.132598876953125 1.2709870338439941 6.166866779327393 0.0
Dust 0.3742220401763916 0.4695259928703308 0.3881797790527344 37.70173645019531 -0.7054339647293091 3.6190500259399414 0.0
Dust 1.4566340446472168 1.353279948234558 0.9798450469970703 29.98015594482422 -1.0513389110565186 2.8220419883728027 0.0
Dust 2.1301679611206055 3.620697021484375 1.5874271392822266 18.8072509765625 -2.8501343727111816 1.437917947769165 0.0