Stone 0.5498596581823586 0.64402374670713 0.6148170331514813 37.49664089925773 -18.56254099779835 -2.0798558316279854 -0.2460339083439882
Stone 0.6793052389274136 0.960390096122341 0.7452157819574126 38.7435274399445 -21.945284216461005 -1.9656457153748212 -0.4974188368183843
Stone 0.46514834588425524 1.014408337845242 0.8665030820426665 30.065991922637068 -29.101462997201452 -2.287095430480012 -0.2460339083439882
Stone 0.5498596581823586 0.64402374670713 0.6148170331514813 32.200343052845255 -30.14227835019483 -2.12252249829465 -0.2460339083439882
Stone 0.6431855722368238 0.7062410227434401 0.6472392822128488 29.170335225630993 -33.752543220361986 -2.0958595412674175 -0.2460339083439882
Stone 0.5965226152095913 0.846229893825138 0.6148170331514813 37.17219424694122 -25.203696386935917 -1.9991910197810336 -0.2460339083439882
Stone 0.581408293636652 0.8488698784419682 0.7670831210548372 38.444502117747106 -24.2667334581256 -1.9423024995765807 -0.3245737246837331
Stone 0.6609085665530372 0.7529039797706728 0.7002723897366262 49.20964753562396 -21.2177129792899 -1.5260714735476215 -0.2460339083439882
Stone 0.5986846143216398 0.8253060942907354 0.6420842305887968 37.63381856502019 -22.182251821721366 -2.049543853426801 -0.49085889883996675
Car 2.487196358973692 2.51716179662646 5.967953600292536 33.006068416984135 -0.3378099970501221 -1.5951960945062256 -0.3891232088726801
Stone 0.42823866065635324 1.6076889465805129 0.9237032561024952 31.139169105175824 6.552234927547943 -2.447310064174206 -0.5350686104895175
Stone 2.1394303442353286 1.8861119636210772 1.342811256049381 75.60505886435112 -15.759624446181078 1.542007136937531 0.5497787143782142
Dust 5.171554057390384 24.10653855425982 10.980881461515704 14.142375984913548 -2.5633470942117604 0.44315738923293835 1.7616796988337975
Dust 4.783805072307587 1.239159107208252 1.3375935554504395 13.64419960975647 -7.609788656234741 -0.24170652031898499 0.0
Dust 3.566982924938202 3.4493861198425293 5.5952863693237305 8.749780178070068 -3.5225260257720947 0.010320574045181274 0.0
Dust 0.1283019781112671 0.18160700798034668 0.2930145263671875 18.19236183166504 -2.6005196571350098 -0.3307889997959137 0.0
Dust 1.8598909378051758 2.9895992279052734 3.8382186889648438 22.299110412597656 2.906238555908203 -1.2642934322357178 0.0
Dust 0.2319120168685913 0.48877203464508057 0.5003738403320312 21.541259765625 -0.45957499742507935 -0.7520700097084045 0.0
Dust 0.010511010885238647 0.1161949634552002 0.02321624755859375 19.986038208007812 -1.7522284984588623 -0.31029248237609863 0.0
Dust 0.5124830007553101 1.0944689512252808 1.0548748970031738 3.347440481185913 -1.2662105560302734 0.48628151416778564 0.0