Car 2.335327930212469 2.1816045440668606 5.055309684682115 20.060661334534252 -0.8052249127447064 -1.2778100860222041 -2.0775279734600045
Dust 6.831921815872192 12.86616914423584 17.90838679908244 13.525087817286991 -0.016544058290875185 3.236666814796747 0.35527008835644347
Dust 2.6500467442666977 5.242284915824618 4.270259153369998 14.717058797777128 1.0197761908111984 -0.09576998950081483 1.5165412935957798
Stone 0.7421442077556544 0.9621505997547145 0.9092742416462011 24.00304883216633 -9.010599313703215 -1.7504900303134643 -0.6544984694978737
Stone 0.9165438270964023 0.9018743873222911 1.0618426861809573 24.17827452496749 -17.256886787130654 -2.136644713430966 0.3047182240844344
Stone 0.4850337731486719 0.8217013365729032 0.9949293801298903 47.3512325716505 -14.0306525245369 -0.012332746715804373 1.1422120700067049
Stone 0.9091134834904829 0.6835909073655321 0.9806904654547391 48.25273457806114 -13.660369084789929 0.12872592123061286 1.335176877775662
Obstacle 2.862348653445084 1.870605294594673 2.139709477619306 83.86751479115819 -2.517911638173309 4.730660897657361 0.445058959258554
Dust 5.352711319923401 7.244386076927185 10.265173435211182 15.677507162094116 -0.46541303396224976 1.9123576283454895 0.0
Dust 0.13570690155029297 0.15328288078308105 0.14923763275146484 9.652307510375977 -3.153637409210205 1.78939950466156 0.0
Dust 0.9663510322570801 1.1856269836425781 1.050588607788086 7.751535415649414 -3.357515573501587 1.300202488899231 0.0