Car 2.487196358973692 2.51716179662646 5.967953600292536 24.993664256115785 5.88032932249042 -1.5874178097043292 3.066295011510901
Stone 0.8797284704386017 0.9325734115442679 1.2184744691204688 41.937851431237384 35.33872568117186 -1.2065445798060794 0.28813651018963893
Obstacle 1.2658444012467998 0.8072173671726093 0.9028210395933036 25.59560804934437 -2.193226218305385 -2.2112257928037704 -0.07688599335631778
Dust 3.8861173648209446 8.457488351279222 35.06689047408421 45.26634588219661 2.2212230526678773 -0.4802412764029449 3.0235019226673536
Dust 0.5874951740088654 0.6245241686129039 2.4936031910856595 26.609577302534014 4.1981661498933205 -2.2519578508539566 3.0628222126872435
Stone 0.40033733761080414 0.4081492202682925 0.42724299578402813 25.885189814024944 -8.35050735437265 -2.301503931977179 -0.03410428640875527
Stone 0.4741708963245052 0.5688155318630629 0.5977491729934101 37.21992591091684 32.10766539512901 -1.3300747072729537 0.0801936393231719
Dust 2.5837039947509766 2.3904290199279785 2.8464431762695312 51.87506866455078 -1.1203765869140625 -0.3762719929218292 0.0
Dust 0.29886698722839355 0.28936803340911865 0.27747344970703125 58.23710250854492 -1.5419590473175049 -0.0758495032787323 0.0
Dust 2.8699488639831543 4.562672138214111 6.1294708251953125 46.38758087158203 1.4893770217895508 -0.5684844851493835 0.0
Dust 2.6707639694213867 2.80814790725708 8.043083190917969 34.25217056274414 3.9432809352874756 -1.0762810707092285 0.0
Dust 1.4992570877075195 1.4352760314941406 3.2899932861328125 27.02775001525879 4.429894924163818 -1.949326515197754 0.0