Car 2.1793036796813468 2.1816045440668606 5.055309684682115 44.51209603725798 -0.20856994203956486 -1.2600003890293299 0.16909779053517662
Dust 6.831921815872192 17.942930067875217 14.884529771057645 1.7094827141308997 -0.9825624368189665 2.277315069702968 0.35527008835644347
Stone 1.2704430388180525 1.197595835438463 0.9092742416462011 72.78015610396287 -11.130238973157294 -0.6938719213256646 -0.6544984694978737
Stone 1.5882378322340025 1.3160427613395982 1.2085716697876496 72.7521481700872 -19.44874512406764 -0.2792890431595655 0.3047182240844344
Dust 2.0198951177813753 3.5997258952211784 8.658671431228159 37.601396815155994 -1.4731334882367362 -1.1204451410652203 -2.953634941016951
Stone 0.5502692499355883 0.6736272416576841 0.9203262271115604 16.383256113085736 -9.365715246983655 -2.7112776938907768 0.870580407152598
Dust 0.3510500192642212 1.1152420043945312 1.6373250484466553 3.128312587738037 0.11573100090026855 0.020911000669002533 0.0
Dust 0.7426819801330566 0.41158509254455566 0.9477195739746094 35.14739227294922 -2.482102394104004 -1.6501660346984863 0.0
Dust 0.9438561201095581 0.4973330497741699 0.6336708068847656 37.08612823486328 -2.0423974990844727 -1.6034159660339355 0.0
Dust 1.4441380500793457 2.5501980781555176 1.765411376953125 41.0258674621582 -1.0090210437774658 -1.5424220561981201 0.0
Dust 0.6504529714584351 0.6746430397033691 1.0695099830627441 2.3139920234680176 2.192265510559082 0.07229049503803253 0.0
Dust 0.9978960156440735 1.3480719923973083 2.094545006752014 2.791539490222931 -2.1547079384326935 0.3536890149116516 0.0