Truck 8.700537776265904 9.771738976092369 15.136278998824569 37.310690999048056 10.201619136848194 -0.045625162465192964 0.4399027735930329
Truck 10.044734623933419 10.439880383290443 17.68232272526821 82.31938594936446 35.19129420974059 0.9570425286415143 2.6609945414436944
Engineering 22.401351194129283 14.892641232793665 32.483089152702206 97.23971925012411 46.388910273469264 7.039876570575383 -0.73768524085644
Stone 1.084773227776514 1.373932709760114 1.4483161825974498 49.9860183320302 41.4546237658692 -3.1147964886721153 -1.4398966328953213
Dust 7.35473884226869 33.72460790834525 49.62407832730769 16.805320797938787 -6.790757811360714 -0.9670917374201093 -1.076838971587635
Dust 3.0753610730171204 8.253282368183136 5.8312530517578125 4.542912483215332 -1.0347441136837006 -0.9238005578517914 0.0
Dust 1.448701024055481 1.887326717376709 2.1565604209899902 9.052945137023926 -7.246992111206055 -0.7424175143241882 0.0
Dust 1.46225106716156 1.913400650024414 1.2579364776611328 15.041169166564941 -9.54132080078125 -1.3088514804840088 0.0
Dust 3.59186190366745 12.380912899971008 5.814294815063477 28.348937034606934 -9.11561530828476 -1.8046139776706696 0.0
Dust 1.3182618618011475 0.728053092956543 0.6809844970703125 23.665590286254883 -12.967702865600586 -1.4653149843215942 0.0
Dust 1.666489839553833 1.8267788887023926 3.099964141845703 13.239700317382812 -6.8639984130859375 -1.2011159658432007 0.0
Dust 0.8364319801330566 1.525320053100586 1.5780525207519531 23.318096160888672 -8.437886238098145 -2.8120439052581787 0.0
Dust 0.356065034866333 0.3390312194824219 0.6340732574462891 23.773849487304688 -6.675260543823242 -2.780820369720459 0.0
Dust 0.6230369806289673 0.45782601833343506 1.2442989349365234 29.566364288330078 -0.35393500328063965 -2.256338596343994 0.0
Dust 1.4263919591903687 2.673569917678833 3.6081161499023438 28.522502899169922 2.0572988986968994 -1.8712599277496338 0.0