Stone 0.5498596581823586 0.64402374670713 0.6148170331514813 37.387173829369885 -18.699074172647897 -2.1518558316280156 -0.2460339083439882
Stone 0.6793052389274136 0.960390096122341 0.7452157819574126 38.7601425759849 -21.95430549927414 -1.9656457153748212 -0.4974188368183843
Stone 0.46514834588425524 1.014408337845242 0.8665030820426665 30.053690617309485 -29.136686434798094 -2.287095430480012 -0.2460339083439882
Stone 0.5498596581823586 0.64402374670713 0.6148170331514813 32.20034305285435 -30.142278350203924 -2.12252249829465 -0.2460339083439882
Stone 0.6431855722368238 0.7062410227434401 0.6472392822128488 29.19035339843481 -33.757438158300374 -2.074526207934082 -0.2460339083439882
Stone 0.5965226152095913 0.846229893825138 0.6148170331514813 37.17219424694122 -25.203696386935917 -1.9991910197810336 -0.2460339083439882
Stone 0.581408293636652 0.8488698784419682 0.7670831210548372 38.444502117747106 -24.266733458116505 -1.9423024995765807 -0.32457372468373274
Stone 0.6609085665530372 0.7529039797706728 0.7002723897366262 49.1482307592014 -21.235429946722434 -1.5285210288986049 -0.2460339083439882
Stone 0.5986846143216398 0.8253060942907354 0.6420842305887968 37.63381856502019 -22.182251821721366 -2.049543853426801 -0.49085889883996675
Car 2.487196358973692 2.51716179662646 5.967953600292536 8.63336024621526 -2.232511287278115 -2.2678267758908657 2.1763164941586797
Stone 0.42823866065635324 1.6076889465805129 0.9237032561024952 31.13916910517719 6.5522349275465785 -2.447310064174206 -0.5350686104895175
Stone 2.1394303442353286 1.8861119636210772 1.342811256049381 75.60505886435112 -15.759624446181078 1.542007136937531 0.549778714378214
Dust 5.087900135848029 4.92644431950227 10.303366511594168 5.74894930677785 2.397870523320577 -0.42946686041188387 -2.548180707911722
Dust 5.292329747909635 5.952004767394922 4.8408059442206355 16.24189053899545 2.774334916131693 1.1654715992951556 -0.2217650705357058
Dust 2.673237175930135 3.02681445179517 4.98288931225653 20.975960128298162 0.6949105739312471 0.2681194302838069 -1.701696020694471
Dust 0.39696570850671 0.9819923030155167 2.5963536579842 10.51796304899332 -5.80453429217354 -2.8574828765967033 2.160935780125479
Dust 0.15982818603515625 0.4379129409790039 0.29174232482910156 10.029544830322266 -5.192959308624268 -2.907927989959717 0.0
Dust 1.473026990890503 3.6390140056610107 2.0465869903564453 21.053123474121094 0.2683910131454468 0.1393284797668457 0.0
Dust 5.037531852722168 4.814288139343262 4.248300552368164 16.18521499633789 2.703425884246826 1.1456420421600342 0.0
Dust 4.981706142425537 3.8789491057395935 9.054178237915039 6.453150272369385 2.8091194927692413 -0.4719879627227783 0.0
Dust 0.36387598514556885 0.5916030406951904 0.8213000297546387 3.0421440601348877 -1.532955527305603 0.42986398935317993 0.0