Stone 0.5498596581823586 0.64402374670713 0.6148170331514813 37.35816465152129 -18.551480762143 -2.1491891649613164 -0.2460339083439882
Stone 0.6793052389274136 0.960390096122341 0.7452157819574126 38.663225526273436 -21.90168383474247 -1.9656457153748212 -0.4974188368183842
Stone 0.46514834588425524 1.014408337845242 0.8665030820426665 30.106007094515917 -29.024780931412806 -2.287095430480012 -0.2460339083439882
Stone 0.5498596581823586 0.64402374670713 0.6148170331514813 32.200343052845255 -30.142278350195284 -2.12252249829465 -0.2460339083439882
Stone 0.6431855722368238 0.7062410227434401 0.6472392822128488 29.132949573116093 -33.67489232609296 -2.0958595412674175 -0.2460339083439882
Stone 0.5965226152095913 0.846229893825138 0.6148170331514813 37.17219424694122 -25.203696386935917 -1.9991910197810336 -0.2460339083439882
Stone 0.581408293636652 0.8488698784419682 0.7670831210548372 38.444502117747106 -24.266733458125145 -1.9423024995765807 -0.3245737246837331
Stone 0.6609085665530372 0.7529039797706728 0.7002723897366262 49.18065017444951 -21.23639526837451 -1.5126006784208996 -0.2460339083439882
Stone 0.5986846143216398 0.8253060942907354 0.6420842305887968 37.63381856502019 -22.182251821721366 -2.049543853426801 -0.49085889883996675
Stone 0.42823866065635324 1.6076889465805129 0.9237032561024952 31.139169105175824 6.552234927547488 -2.447310064174206 -0.5350686104895175
Stone 2.1394303442353286 1.8861119636210772 1.342811256049381 75.60505886435112 -15.759624446181078 1.542007136937531 0.5497787143782142
Dust 7.7301764143904945 18.142487112218806 6.14130048379634 9.323517373953388 -2.4816332244708943 2.2301112394257556 1.2594050072884277
Dust 1.9317070245742798 3.4409130215644836 3.467144012451172 3.5017958879470825 -1.9169205725193024 -0.46393853425979614 0.0
Dust 0.8214209675788879 0.6046710014343262 0.7134778499603271 2.2627100944519043 1.835761547088623 -0.44218549132347107 0.0
Dust 0.07927000522613525 0.09132599830627441 0.2626051902770996 3.4968395233154297 0.5681920051574707 0.623403012752533 0.0
Dust 1.0651679039001465 2.986021041870117 1.6700763702392578 14.463606834411621 -5.731103420257568 3.1291730403900146 0.0