Truck 8.700537776265904 9.771738976092369 15.136278998824569 37.391318385720524 10.22724424978037 -0.045625162465192964 0.4386755889627243
Truck 10.044734623933419 10.439880383290443 17.68232272526821 82.31938594936446 35.19129420974059 0.9570425286415143 2.6609945414436944
Engineering 22.401351194129283 14.892641232793665 32.483089152702206 96.33111272707205 45.431679173728256 7.039876570575383 -0.7275335833023249
Stone 1.084773227776514 1.373932709760114 1.4483161825974498 49.9860183320302 41.4546237658692 -3.1147964886721153 -1.4398966328953213
Dust 8.16538116389501 33.72460790834525 49.62407832730769 15.94041826267221 -7.313303764086381 -0.8958514782487745 -1.105830278793348
Dust 3.4417170882225037 8.786424160003662 6.647382497787476 5.011436104774475 -2.1382291316986084 -1.279469519853592 0.0
Dust 0.9342769384384155 1.213881492614746 0.8705806732177734 22.814910888671875 -11.712312698364258 -0.737495481967926 0.0
Dust 0.7472820281982422 1.2142949104309082 0.7625112533569336 9.504806518554688 -5.4538984298706055 -1.0502560138702393 0.0
Dust 0.1595900058746338 0.5210762023925781 0.20419979095458984 13.413803100585938 -7.51035213470459 -1.7693560123443604 0.0
Dust 3.865539848804474 5.351756930351257 4.243143081665039 13.38988208770752 -2.29991751909256 -0.1920360028743744 0.0
Dust 3.3402390480041504 7.183836936950684 4.157642364501953 26.646623611450195 1.375644564628601 -2.0313854217529297 0.0
Dust 0.9335041046142578 0.8090760111808777 0.4272336959838867 9.470176696777344 1.3545609712600708 -3.186089038848877 0.0
Dust 0.7768881320953369 3.6183011531829834 1.1330299377441406 20.462432861328125 5.214759349822998 -2.6702260971069336 0.0
Dust 2.600872039794922 3.9505038261413574 3.6876678466796875 12.239940643310547 6.622908592224121 -0.7730870246887207 0.0