Truck 8.700537776265904 9.771738976092369 15.136278998824569 38.116964865772616 10.457870266171085 -0.045625162465192964 0.4276309272899449
Truck 10.044734623933419 10.439880383290443 17.68232272526821 82.31938594936446 35.19129420974059 0.9570425286415143 2.6609945414436944
Engineering 22.401351194129283 14.892641232793665 32.483089152702206 92.11268329781272 44.056411462648256 7.039876570575383 -1.5549078169787425
Stone 1.084773227776514 1.373932709760114 1.4483161825974498 49.9860183320302 41.4546237658692 -3.1147964886721153 -1.4398966328953213
Dust 10.394561773393201 33.459754966656675 49.62407832730769 19.152726224223116 -6.080920502815275 0.5687706530553254 -1.104025449680491
Dust 2.8753093148435758 15.57755726680459 4.310941408979302 27.660948184386324 20.132057912067484 -1.86177642816476 0.4636271067696007
Dust 11.4765619619478 7.117527720538117 40.40504110216317 47.50742300819363 24.966012589651957 2.6479588734338706 -1.306310831899441
Dust 11.211153724748124 30.76002582640892 68.60979269005837 97.50503206799982 -23.456572043396022 7.337747565910207 1.1780972450961724
Dust 6.708558917045593 44.12806987762451 19.19674777984619 26.94620943069458 -0.2561478614807129 -0.3957074284553528 0.0
Dust 2.9926860332489014 5.106877326965332 7.326404571533203 5.32564640045166 0.4643174409866333 -0.9095650911331177 0.0
Dust 0.5718520879745483 1.6077821254730225 0.9635753631591797 13.460481643676758 4.547207832336426 -1.6906609535217285 0.0
Dust 0.9884979724884033 2.643840789794922 2.0568275451660156 47.919281005859375 20.3415584564209 -0.3657799959182739 0.0
Dust 0.7043770551681519 0.49957847595214844 0.8107376098632812 45.50578308105469 32.1451530456543 -0.6540505290031433 0.0
Dust 0.4158099889755249 0.2506904602050781 0.49249267578125 48.15210723876953 31.08179473876953 0.13523000478744507 0.0
Dust 0.2020859718322754 0.12189865112304688 0.2484455108642578 15.832099914550781 8.787158966064453 -2.4593350887298584 0.0
Dust 1.1837730407714844 1.1249608993530273 1.0790214538574219 51.300048828125 10.699897766113281 4.948583602905273 0.0
Dust 0.2085094451904297 0.0009839534759521484 0.00030517578125 103.36840057373047 -1.3836079835891724 8.866788864135742 0.0
Dust 0.249908447265625 0.0007649660110473633 0.09462738037109375 101.86772155761719 -1.978818416595459 8.76795482635498 0.0
Dust 0.6044139862060547 0.5848140716552734 0.2924652099609375 91.99964141845703 -28.770137786865234 8.863096237182617 0.0
Dust 0.9017887115478516 0.23434829711914062 0.9794158935546875 90.48746490478516 -32.193084716796875 8.706035614013672 0.0
Dust 6.332451581954956 17.63062858581543 14.303661346435547 88.22484016418457 -43.543131828308105 8.463935494422913 0.0
Dust 0.25155603885650635 0.3108835220336914 0.19213104248046875 37.48064422607422 -13.509273529052734 1.4347069263458252 0.0
Dust 0.1674480438232422 0.7679977416992188 0.12827301025390625 90.71803283691406 -57.263275146484375 10.96767520904541 0.0
Dust 0.7608857154846191 0.3154640197753906 0.9827117919921875 79.75242614746094 -50.75176239013672 5.87700080871582 0.0
Dust 0.7033889293670654 0.629486083984375 0.9433441162109375 75.26274871826172 -50.03118133544922 3.2217636108398438 0.0