Stone 0.5498596581823586 0.64402374670713 0.6148170331514813 37.52442289926012 -18.60895527874527 -2.1038558316279885 -0.2460339083439882
Stone 0.6793052389274136 0.960390096122341 0.7452157819574126 38.74624628038805 -21.946760426375477 -1.9656457153748212 -0.4974188368183843
Stone 0.46514834588425524 1.014408337845242 0.8665030820426665 30.125671782173185 -29.165235931453935 -2.287095430480012 -0.2460339083439882
Stone 0.5498596581823586 0.64402374670713 0.6148170331514813 32.200343052845255 -30.14227835019483 -2.12252249829465 -0.2460339083439882
Stone 0.6431855722368238 0.7062410227434401 0.6472392822128488 29.191364655170673 -33.796221848388086 -2.0958595412674175 -0.2460339083439882
Stone 0.5965226152095913 0.846229893825138 0.6148170331514813 37.17219424694122 -25.203696386935917 -1.9991910197810336 -0.2460339083439882
Stone 0.581408293636652 0.8488698784419682 0.7670831210548372 38.444502117747106 -24.2667334581256 -1.9423024995765807 -0.3245737246837331
Stone 0.6609085665530372 0.7529039797706728 0.7002723897366262 49.20607368002402 -21.28638845790374 -1.5336487958064033 -0.2460339083439882
Stone 0.5986846143216398 0.8253060942907354 0.6420842305887968 37.63381856502019 -22.182251821721366 -2.049543853426801 -0.49085889883996675
Car 2.487196358973692 2.51716179662646 5.967953600292536 27.44736970522046 -12.795521287737529 -1.6546630211806768 2.9006042734058575
Stone 0.42823866065635324 1.6076889465805129 0.9237032561024952 31.13916910517628 6.552234927547943 -2.447310064174206 -0.5350686104895175
Stone 2.1394303442353286 1.8861119636210772 1.342811256049381 75.60505886435112 -15.759624446181078 1.542007136937531 0.5497787143782142
Dust 1.9064053431846826 2.3942387705145616 5.399993991124551 5.066364244272458 -1.6229852241889007 0.45537662810053653 2.9712077051026373
Dust 1.65984308719635 2.1985158920288086 3.54266095161438 4.47308349609375 -1.5164320468902588 0.5554375052452087 0.0
Dust 0.31537604331970215 0.45792102813720703 0.29815006256103516 7.42520809173584 -1.433895468711853 0.7619400024414062 0.0