Car 2.143049848789439 2.329266415373974 5.2928403023645965 15.20990111334013 -3.519779958670859 -1.9039576082415484 -2.4060554685227613
Dust 5.378100910661659 8.74853709156967 15.813807688359798 12.700173459007146 -1.2198517415345123 2.217570067683253 0.8068614110624739
Stone 0.8616468501369925 0.8641604846030516 1.1537947767348227 20.732893708857162 -18.275338926204064 -1.9178547377483386 0.15225592267316956
Stone 0.7435090818824035 0.9099583870279258 0.9389307968138385 20.57911547153393 -9.830025308941767 -2.2506173042110444 0.15145959229559186
Stone 0.9204244530518988 1.2117473155737835 1.773098551316527 44.65979939184154 -15.504315368722246 -1.177436421755923 0.30761428066400104
Stone 0.6297130958676966 1.209367165260782 1.2251766278384661 34.674780447010775 11.832530388104352 -2.454023730567113 -0.5472351811550791
Stone 0.9844329348104315 1.0914279434994991 1.2546614332787869 26.99442719281639 25.2916292888607 -3.0780374898034544 -1.0210752311172482
Stone 0.69784731996505 0.7880402766728498 0.8415850629919825 43.35582964734577 -12.163685972272262 -1.395569534871841 0.34372975900181724
Dust 0.12786197662353516 0.1431431770324707 0.5295891761779785 8.022234916687012 -2.488760471343994 -1.368543028831482 0.0
Dust 4.565525203943253 7.5203118324279785 9.07518482208252 14.305781841278076 -1.2823798656463623 2.02116958796978 0.0
Dust 0.13402003049850464 0.4846959114074707 0.28553104400634766 6.42659330368042 -3.364567995071411 0.7586289644241333 0.0
Dust 0.007716000080108643 0.029935836791992188 0.04979896545410156 6.017051696777344 -4.76169490814209 0.9302599430084229 0.0