Truck 8.700537776265904 9.771738976092369 15.136278998824569 38.09008907021507 10.449328561860511 -0.045625162465192964 0.4280399888333812
Truck 10.044734623933419 10.439880383290443 17.68232272526821 82.31938594936446 35.19129420974059 0.9570425286415143 2.6609945414436944
Engineering 22.401351194129283 14.892641232793665 32.483089152702206 91.79625071316718 44.58264367544871 7.039876570575383 -1.7140346716627335
Stone 1.084773227776514 1.373932709760114 1.4483161825974498 49.9860183320302 41.4546237658692 -3.1147964886721153 -1.4398966328953213
Dust 10.015074607236988 32.75548615790415 52.26961649019711 18.699697258009024 -4.8162306602731855 0.5629782752774141 -1.1008521237677744
Dust 3.8037066516865536 15.663729426735365 11.956063924650344 33.16150148107738 22.71752068656975 -1.3975777597432713 0.4636271067696007
Dust 11.211153724748124 30.76002582640892 68.60979269005837 97.1499054981803 -26.129300369435327 7.337747565910207 1.1780972450961724
Dust 0.43267500400543213 1.30155611038208 0.8000359535217285 5.869729042053223 -5.931611061096191 -0.20802950859069824 0.0
Dust 9.04775619506836 43.614583015441895 18.741008758544922 24.628772735595703 4.806660175323486 0.5157015323638916 0.0
Dust 0.3869749903678894 0.7147359848022461 0.9729530811309814 2.619985580444336 -0.6322360038757324 -0.18974649906158447 0.0
Dust 0.4043540060520172 1.2598609924316406 1.3915139436721802 2.6189210414886475 1.431039571762085 -0.19764699041843414 0.0
Dust 1.7758018970489502 2.6083030700683594 2.592853546142578 39.151527404785156 18.30356216430664 -1.6076120138168335 0.0
Dust 0.3252451419830322 0.1483612060546875 0.21114540100097656 14.478163719177246 15.435291290283203 -2.3605566024780273 0.0
Dust 0.22271108627319336 0.6058139801025391 0.28452301025390625 98.60554504394531 -7.051302909851074 7.512569427490234 0.0
Dust 2.5180301666259766 2.64054012298584 2.6371612548828125 97.84416961669922 -10.754013061523438 7.5038299560546875 0.0
Dust 7.969054341316223 25.169180870056152 15.018814086914062 90.96331024169922 -24.95537805557251 7.157035291194916 0.0
Dust 0.47063446044921875 0.08144569396972656 0.14533233642578125 100.39378356933594 -16.251033782958984 9.788169860839844 0.0
Dust 0.4851503372192383 1.301382064819336 0.36194610595703125 101.35699462890625 -17.644367218017578 9.859230041503906 0.0
Dust 0.3304586410522461 0.6965007781982422 0.813385009765625 99.62169647216797 -17.566513061523438 9.340435028076172 0.0
Dust 0.2060718536376953 0.5915088653564453 0.2194976806640625 102.30167388916016 -18.822704315185547 10.044608116149902 0.0