Truck 4.729536655988183 4.1813337981039345 11.238181926209188 33.342969745089974 -10.417299385253772 4.266385389874502 1.352630170295606
Obstacle 3.941504955291748 1.3573340942042953 1.211403629288815 16.72387809567439 -11.764493722003762 0.8948523759841923 1.8754773292990907
Obstacle 4.556690948790523 1.9646683427017189 1.5453099116560458 21.407725269640466 -17.012105328359326 1.0387766440904787 1.8754773292990896
Obstacle 4.64311774198487 2.5190447437466594 1.7017944318204394 14.734351254877867 -15.446708708675278 1.0158456408052787 2.629874323061392
Obstacle 2.964340619171101 1.4418581731581148 2.461923823807054 25.135242635753723 -12.412940457688505 2.2098683376731665 2.01409087218346
Obstacle 4.432377690910004 2.3803779076766416 3.347661918357354 21.04826690217797 -24.78967211592022 2.213628845519673 2.1449905660830373
Obstacle 3.8076724245027993 0.8147807443947636 1.0748644617903103 18.665488615949364 -24.35983660915647 1.557706198785518 2.1449905660830373
Obstacle 4.20592786603969 0.9891925040733047 2.2257904624149125 18.042493157283097 -22.717049325965228 1.42112516495684 1.8657354827023303
Obstacle 2.6835821983064623 0.8765538149743939 0.7964418722654542 23.963720310956127 -27.847906469541243 2.401805108628939 0.8639379797371932
Obstacle 2.9958540421983155 1.1335085574699493 1.0290873671227923 36.41853645247429 25.41636277479078 4.939037466327335 1.326450231515691
