Stone 0.34780393615949584 0.6373623798282229 0.6 35.17823699623828 -7.129147988309866 -1.2605295845710973 3.6973898387415716e-08
Obstacle 2.8275291893875565 1 1 56.52955912970013 5.136067115223444 5.13101638166968 0.2952856583448717
Obstacle 2.4725454229093726 3.228946064677313 1.9813317325113902 108.29228364427362 24.262285601048443 9.612694202258943 0.35700270584562327
Obstacle 1.4555646964946187 1 1 59.795151540477015 -22.246133695844314 3.9680312796055675 0.027679905655384474
Obstacle 1.1743688398835332 1.7129753160008638 0.8382496888771203 54.38843248470766 14.986467092029102 5.196904843211349 0.2078220855504316
Obstacle 1.4870923636357163 0.7312260582975775 0.8832997613062079 19.01994532401064 -11.440513990554722 -0.49145381818214107 0.28497766943767466
Obstacle 1.7426482954352709 0.5309151960517303 0.8808360827704503 8.163959319759316 5.552882789322781 0.5783431469768774 0.3706325838210573
Obstacle 1.0459689751019339 0.9207756367720243 0.8287367632793526 30.663495942439873 -11.478335673418552 -1.4040955378662021 0.14594729422333974
Stone 0.4012190129352723 0.7046215721393303 0.6 26.456783836442394 -9.377484431862587 -1.7387742207815808 -0.015367859761753921
Stone 0.540028165496648 1.6741134845977754 0.7571209626372654 25.92040478560744 -10.917526420200668 -1.7107797992034954 0.13737171229868184
Dust 0.941673994064331 2.1300420314073563 2.2196790277957916 2.0453645437955856 0.6671890243887901 -0.14606700837612152 0.0
Dust 0.7479610443115234 0.7942922115325928 1.8564224243164062 7.541351318359375 3.478732109069824 0.5701414942741394 0.0