Obstacle 1.6832290585511935 0.9794919463210763 0.8236592038329851 10.139698912914927 -12.171915475819723 -2.410903450125761 1.1780972450961724
Engineering 4.264779631740655 3.540053200702563 8.762882852532787 19.32213580654684 7.967849682064752 -0.5311540904438086 3.1366181574271903
Stone 0.43161330929969494 0.5928307239782592 0.687453734879205 26.566335029446698 -9.159013317805146 -3.316545938536281 0.21758829902357335
Obstacle 2.8631744093083533 1.2942054646984893 0.8077272545789995 43.4636581812863 -2.329214563637963 2.228738604595487 -0.4580814777819332
Obstacle 2.253840405679594 0.9711242790524736 0.9661036303687586 48.52597669578956 1.0459271000144321 2.844302882965455 0.6021385919380442
Obstacle 1.7508389496967416 1.7599474471339016 0.9058267186739566 47.41846010685084 10.894301222890748 3.3262457966351238 2.9583330821303884
Obstacle 3.155438028450704 1.3820092719320298 1.7936723768093255 76.05607483109513 -25.29148705576777 6.057047941019089 -0.8639379797371927
Car 1.8506483780675858 1.8650682356068344 4.479242335302746 73.5801468579348 -4.377143115380061 5.726614194604647 -2.808684778696782
Obstacle 1.6632307755195046 0.7919963430267865 1.1988341419352966 49.68162554589887 -26.332664220837145 1.3032013767581654 -2.905973204570558
Obstacle 1.5059785842895508 0.7001280119576021 2.2796646083292798 102.03293361712804 15.032488449085047 6.0460004806518555 1.4398966328953218
Stone 0.9862526111861274 0.8107917625032656 1.1133287751045975 21.632254640524106 -12.88304452183943 -3.4085959151206144 -2.0158552860534504
Stone 0.36828863941714607 0.47804946110303925 0.6930982772787272 17.63228572957806 -10.67304303437064 -3.6752697809384 -0.1828127897409597
Stone 0.3183910846710205 0.4961866405087948 0.5668762795230302 16.775309122720095 -7.177962068239093 -3.3585225343704224 -0.21505629793578399
Stone 0.4493876517471986 0.9140925866146471 0.6277436189189528 16.909637275448762 -11.776408118288927 -3.6950220745475435 -0.11327373810401699
Dust 2.5556236508543515 4.994296818887608 4.968347777070528 13.476228786203302 7.258872551734527 1.1629298408060587 -2.905973204570558
Dust 1.1515170335769653 1.1544809341430664 0.7057437896728516 17.227611541748047 10.486299514770508 -1.079479455947876 0.0
Dust 3.0502229630947113 3.0450310707092285 4.517425537109375 13.465024948120117 6.202049732208252 -0.1242925375699997 0.0
Dust 0.3273571729660034 1.2306981086730957 1.507974624633789 18.151832580566406 5.548168182373047 -1.8646714687347412 0.0
Dust 2.5545870661735535 1.757297158241272 4.119612216949463 13.059726476669312 2.0952664613723755 -0.16854450106620789 0.0
Dust 0.006525993347167969 0.16653203964233398 0.017131805419921875 17.208463668823242 3.405910015106201 -1.4447120428085327 0.0