Obstacle 2.1399893041050775 1.3910986874932914 0.9365430040209127 9.540391967266828 -12.434992958949332 -2.0579193791864583 -0.018628565273450057
Dust 2.1716974176061297 4.378755321547864 5.0590248936064635 16.00540727098388 4.964515338689455 0.9327588559583597 2.9583330821303884
Obstacle 2.407072331028635 1.0554028374996345 0.8849477598546315 46.066971084069145 3.6038386378813776 1.6962444714226401 0.42971531582025113
Obstacle 3.0879382412263863 1.0857963314938375 1.126141125512322 48.27220637892354 1.8018850722036164 3.1859209167069835 0.811578102177364
Obstacle 2.962068303523876 0.7871559306357847 1.0141016055231105 43.16617050540675 -2.0214429120930837 2.7184223668537206 -1.5446163880149815
Obstacle 1.6855943275464074 1.6383413491242473 1.0263524624851392 41.11340876654241 12.105905580708672 3.77712868939519 0.2728104639074084
Obstacle 2.947328849224189 4.247337996506649 15.72013867325646 112.36149652954656 -8.282067439117982 10.56402411241727 0.8203047484373355
Obstacle 3.466805356806809 1.3188620150418409 1.457533010646574 76.10721711437215 -23.503206302229064 6.868050524625328 2.17293491873294
Obstacle 2.88087539380882 3.9595222064228883 6.5143338962155655 86.9239626999327 -30.608744082883668 6.685705838514482 -0.48869219055841245
Dust 2.5185000002384186 4.858675897121429 6.623678267002106 5.087090224027634 2.8448119461536407 -0.20074306428432465 0.0
Dust 3.9135501384735107 7.102534055709839 9.275840282440186 17.91670823097229 3.285871148109436 -0.0644339919090271 0.0
Dust 1.1867059469223022 0.7754464149475098 1.5454750061035156 10.96888542175293 4.571759223937988 0.7458450198173523 0.0