Obstacle 2.1399893041050775 1.3910986874932914 0.9365430040209127 12.568775222023962 -12.413015644745531 -1.824005191271278 -0.005538595883492588
Dust 4.419505000114441 8.58035554418417 15.753965654777137 21.93239201189024 4.676716438349695 1.4128976285457604 -0.4450589592585539
Obstacle 2.407072331028635 1.0554028374996345 0.8849477598546315 48.271197314408475 3.529015467847027 1.9128809812152174 0.4297153158202512
Obstacle 3.0879382412263863 1.0857963314938375 1.126141125512322 51.30218771728486 1.526665809040128 3.371197211180566 0.8115781021773638
Obstacle 2.4779568476754394 0.7871559306357847 0.8651442344928223 46.00404658570246 -2.0634420871119077 2.5603875734767336 -1.5446163880149815
Obstacle 1.4707545327851053 1.6383413491242473 0.5787695567324267 43.798446232141025 11.957774759124803 4.084548586775839 0.2728104639074085
Obstacle 3.466805356806809 1.3188620150418409 1.457533010646574 79.39318497346528 -23.90646682774072 6.868050524625328 2.17293491873294
Obstacle 2.88087539380882 4.203676084376886 6.818912278201644 90.30696910466816 -30.51693577203495 6.77933428881327 -0.48869219055841245
Obstacle 1.5429442260211763 2.0795307590185916 4.62361901826106 76.05249464132241 -3.0947332557792375 6.5931928074402135 -2.7488935718910694
Dust 3.0638608932495117 4.2375311851501465 6.349168539047241 4.759034514427185 3.427539587020874 -0.5260524153709412 0.0
Dust 4.02264404296875 8.63521671295166 11.82804012298584 20.78594970703125 3.9442031383514404 0.2412850260734558 0.0
Dust 0.9302719831466675 1.2887930870056152 2.2391185760498047 12.391850471496582 6.416474342346191 1.1563780307769775 0.0