Pedestrian 2.099043398123779 0.9158584570210976 0.6376234858869203 40.46709447917667 9.062542163966029 2.5902276982768435 -2.81866638165549
Pedestrian 1.8738009327160923 0.8699718399261744 0.5397221017482494 44.37109563840317 9.408220003516902 2.75062946734367 -2.8710666195306715
Obstacle 2.423588649720835 1.5212076748047627 0.9841000310362477 30.18597176892667 -34.570180549565855 5.405852993416445 -1.5851013334663395
Obstacle 1.9144390723340596 1.553715446853711 0.4929704043509723 7.775382516390512 5.431219601319426 0.33867730089679104 0.01636917364452395
Obstacle 1.2993193174328892 0.25247089283961544 0.3986410812364328 4.262104200359575 5.776903040906497 -0.05085733358693567 0.04363323129985825
Dust 0.6926710253857372 0.5972362623471004 1.0933192794205278 5.018275727128561 5.038339691385241 0.13214019663856286 0.016369173644523505
Pedestrian 2.085378231309117 0.9815799993963001 0.7763150303088335 9.057631266665577 -5.422115716522134 -0.2562471042502852 -3.115412714809878
Obstacle 2.245904108415028 1.471077732464185 0.9193359420843442 7.405299566794153 -4.577076664046391 0.14131565862398313 -3.115412714809878
Dust 2.5006299018859863 9.86171817779541 10.048768997192383 6.347007751464844 0.37940502166748047 -0.6747840046882629 0.0
Dust 0.03584098815917969 0.035472869873046875 0.050004005432128906 4.640192031860352 -6.502902507781982 0.25532349944114685 0.0
Dust 1.0084619522094727 0.4318920373916626 1.3856134414672852 13.691017150878906 -2.069498062133789 -0.0003229975700378418 0.0