Obstacle 1.675151573655166 0.8207553864291849 0.3749582498786367 9.981779027998417 6.267496209585125 0.739376656073592 -0.5051531066422729
Obstacle 1.4404431110213651 1.1469674718761398 0.5701320486000178 21.196378320004683 -10.336172581629064 -0.2294074403596113 0.17914558341580725
Obstacle 2.426749257540123 0.5733778029908727 0.8935379031081508 53.539877152738256 2.317166189385928 4.152771630891475 1.57942077850095
Obstacle 2.0925149164422665 0.347041623364968 0.7749808566374389 58.33695109180098 6.2110498997956025 4.736870062857291 -0.5365230009527402
Obstacle 1.5139554501320898 1.4258057477267276 0.39286049394315326 56.22681531708217 15.992327379686571 5.572398168718621 0.29960344818406387
Obstacle 1.8376309751906872 1.7705950819579317 1.0220107727493013 50.337208630896335 16.232670175283292 5.692582616984478 -0.08563933032665808
Obstacle 1.829538987709459 1 1 62.06501730852506 -20.9070650892686 4.076272765377412 0.13463967012017064
Obstacle 4.20239201097004 1.257578899633462 2.8996075489324844 88.32992639519625 -17.117083839977113 8.82091710842359 0.37399911100886896
Obstacle 2.274013277937967 2.6458732001299965 1.5695938746316207 110.11937584944637 25.373987080133492 9.504587168422784 0.2611091970270074
Truck 2.782495492192252 3.8185670698442737 7.503289349424002 99.95529852718367 -23.286011053841797 8.849379550623498 -0.46434024169124966
Stone 0.33560944905591245 0.841045220392484 0.616987061912977 28.612723267626663 -8.466381461852968 -1.4852250735412966 0.06548327885707028
Stone 0.5260942575742691 1.0885129246020722 0.5113844079573763 28.02779135020519 -9.802439642994464 -1.4270349343255688 0.015232579149736573
Obstacle 0.9051035973454808 0.5734810642551805 0.5756475597684774 32.79733459656485 -10.369836538109068 -0.9730389906485486 0.21710010902349053
Stone 0.3889472150264007 0.6 0.8226494931615045 33.0732273743059 17.10299219472875 -0.1393855518450825 -0.7896286009422855
Dust 0.21333900094032288 0.15778636932373047 0.46000194549560547 9.552480697631836 9.260622024536133 0.31346648931503296 0.0