Truck 4.432220705929771 3.4767869774707627 18.043913340895973 11.262367499108501 4.570707557850762 -0.06007971337270049 2.9757863746503324
Obstacle 2.287780081298658 2.322248584595272 1.2554032958577208 5.261597492275982 -7.077435594119343 -0.6842060751594401 -0.1464506625189521
Obstacle 3.463443668838842 6.200816727089679 5.69579655832411 15.549797074916219 -9.694991787217369 1.034261353065524 -0.11483456087511847
Dust 2.1707056006687373 0.9954752222000129 7.473708652408998 13.9395786881565 1.9698513079711804 0.5019386883209946 -0.1618683712867738
Dust 0.9591353765121539 0.9384043577860246 4.645877210589559 8.772550647635642 2.9711097447736705 -1.5066131455729457 -0.1777748864021058
Dust 0.7654472016184671 0.8930946043137111 0.9042473690332218 22.375973044484017 1.2733954496327993 1.1974148172121097 -0.20449239449615386
Dust 2.708120033144951 2.8320142030715942 6.136198282241821 10.024820685386658 2.3493550419807434 -1.0379540100693703 0.0
Dust 0.02166999876499176 0.012845039367675781 0.045961856842041016 3.0627779960632324 -4.22758150100708 0.17630299925804138 0.0
Dust 1.753562092781067 1.8827879428863525 2.994741439819336 16.423812866210938 0.9512519836425781 0.4252600073814392 0.0
Dust 0.20195603370666504 0.06987600028514862 0.3383464813232422 24.411151885986328 0.060659997165203094 0.9597330093383789 0.0
Dust 0.2602229118347168 0.5720550417900085 0.9249553680419922 22.804397583007812 0.9863255023956299 1.3256365060806274 0.0