Obstacle 2.539427897131602 1.099881465895352 2.1524555265638603 7.4362438955113195 6.009755939339914 0.5063534756967751 1.1437065508102502
Obstacle 1.6832290585511935 0.9794919463210763 0.8236592038329851 17.824938609079695 -11.198595752999921 -0.6906803463316841 1.1780972450961724
Engineering 4.264779631740655 3.540053200702563 8.762882852532787 27.431319054474447 9.439239854681393 1.267644171680003 -3.1154127148098785
Stone 0.43161330929969494 0.5928307239782592 0.687453734879205 34.21677857020767 -7.6021725932276665 -1.580389624498805 0.21758829902357335
Obstacle 2.253840405679594 0.9711242790524736 0.9661036303687586 55.74096613623599 3.7082723532167106 4.620625487686016 0.6021385919380442
Obstacle 1.7508389496967416 1.7599474471339016 0.9058267186739566 54.029286939503855 13.636364022268625 5.0148611657073054 2.9583330821303884
Obstacle 3.155438028450704 1.3820092719320298 1.7936723768093255 84.46021100959145 -21.102652313505804 8.098574533605895 -0.8639379797371927
Obstacle 1.6632307755195046 0.7919963430267865 1.1988341419352966 57.75785071554765 -23.72536200303398 3.3232283661929882 -2.905973204570558
Obstacle 3.458006319282777 0.9628045693675374 3.8930431262091405 108.43385373998785 20.81141785709564 9.514639026903774 1.4398966328953218
Stone 0.5046301222205276 0.5678200951846777 0.5503568342876803 25.30462727328297 -9.4538031108481 -2.115236775259215 -0.45656018381280994
Stone 0.9862526111861274 0.8107917625032656 1.1133287751045975 29.424287464825014 -11.651185199784507 -1.7744315666245858 -2.0158552860534504
Dust 4.104387044906616 6.656964328078812 4.907630774379223 27.210939071546658 4.8200252076639 1.8161353157664633 1.5996204696030234
Dust 0.19930601119995117 0.361968994140625 0.3262019157409668 6.574143409729004 -10.981492042541504 -1.2410459518432617 0.0
Dust 0.5854820013046265 0.526735782623291 0.8804531097412109 29.52790069580078 7.032097816467285 0.3815919756889343 0.0
Dust 0.26142698526382446 0.8284158706665039 0.48564910888671875 29.497159957885742 4.195129871368408 0.6795965433120728 0.0