Dust 4.419505000114441 9.454200372563133 17.625652833206914 26.253443235911764 8.091489910542402 2.473578828573224 -0.4450589592585539
Obstacle 1.9621724989936231 0.9905936343180912 0.8432604992784036 11.383332152503938 4.722265030729833 0.6895942534469306 0.302198109199916
Obstacle 2.407072331028635 1.0554028374996345 0.8849477598546315 55.23988652972785 2.4556899590100603 3.2849122099015404 0.4297153158202512
Obstacle 2.88087539380882 3.9087952955997975 7.861065226989767 98.47230908770723 -32.11849260471748 8.298996059047441 -0.48869219055841245
Dust 4.0048828125 8.199729919433594 10.193235397338867 7.149370193481445 6.210016250610352 -0.1660095453262329 0.0
Dust 2.1214280128479004 2.321028709411621 3.149473190307617 22.51375961303711 10.85557746887207 1.700516939163208 0.0
Dust 2.2073360681533813 2.2308645248413086 3.6588802337646484 27.994033813476562 9.507194519042969 1.9401949048042297 0.0
Dust 0.31735801696777344 0.41535329818725586 0.2995567321777344 29.292678833007812 7.332094192504883 0.5198900103569031 0.0
Dust 0.17527997493743896 0.5681543350219727 0.04076194763183594 25.135299682617188 9.838594436645508 1.502166986465454 0.0
Dust 0.7325699329376221 1.0708527565002441 0.5199546813964844 32.97850799560547 4.999786376953125 2.770784854888916 0.0
Dust 0.00234299898147583 0.067221999168396 0.1436300277709961 1.5170420408248901 0.41532400250434875 0.037090498954057693 0.0