Dust 3.283372289036542 3.18080293011286 9.97084841957506 21.10384070094921 2.6374127164729955 0.6103743660476163 0.16709194748601774
Stone 0.34780393615949584 0.6373623798282229 0.6 26.0138665043934 -9.127461881729834 -2.935004302831455 3.6973898387415716e-08
Obstacle 2.8275291893875565 1 1 48.09116623047173 2.019957990224726 3.0720166497158337 0.2952856583448717
Obstacle 2.796039974777611 0.6733783876552666 0.7754890609965699 43.06412878609893 -1.6309476368135631 2.64018252572187 0.44898967469538614
Obstacle 3.2877235166973144 1.3891735527215898 1 76.19486285982437 -23.14827601009766 7.224378501510429 0.2975517485899077
Obstacle 1.4555646964946187 1 1 49.69797860634509 -25.569558192126138 1.9133934820189322 0.027679905655384474
Obstacle 1.1743688398835332 1.7129753160008638 0.8382496888771203 40.72796112807174 12.328666155582866 4.126547314628741 0.26018196311026154
Obstacle 1.4870923636357163 0.7312260582975775 0.8832997613062079 9.395636906135513 -12.404730347607227 -2.0314538181821424 0.28497766943767466
Obstacle 1.0459689751019339 0.9207756367720243 0.8287367632793526 21.100552346700233 -13.030952382433647 -3.0605610502092504 0.14594729422333974
Stone 0.4012190129352723 0.7046215721393303 0.6 16.968155986813695 -10.714568111935865 -3.327658918026875 -0.015367859761753921
Stone 0.540028165496648 1.6741134845977754 0.7571209626372654 16.253636854457245 -12.391200164659708 -3.3227987220357993 0.13737171229868186
Dust 3.183184176683426 5.433235585689545 6.7619242668151855 4.365990161895752 2.433613806962967 -0.8393450826406479 0.0
Dust 2.7104769945144653 1.3659281730651855 4.774504661560059 7.071423768997192 7.345603942871094 0.0775194764137268 0.0
Dust 0.35920894145965576 0.5006059408187866 0.7894306182861328 9.850317001342773 2.151002883911133 -0.974330484867096 0.0
Dust 1.396075963973999 0.5121269226074219 0.7263584136962891 24.741470336914062 4.266729354858398 0.0055609941482543945 0.0
Dust 1.5788030624389648 2.3268208503723145 1.6504020690917969 13.181387901306152 3.013667345046997 0.6648675203323364 0.0
Dust 0.8407639265060425 0.39441490173339844 0.33508872985839844 21.970298767089844 1.818115472793579 1.38303804397583 0.0
Dust 0.09670501947402954 0.16380810737609863 0.8541879653930664 10.691791534423828 3.3212928771972656 0.9435374736785889 0.0
Dust 0.4449230432510376 1.3121590614318848 1.4481887817382812 17.130390167236328 2.2437455654144287 1.4521925449371338 0.0