Car 2.1479740142822266 2.35947240686368 4.888262941612655 30.216036020136475 -1.941834300155789 0.9959512138900576 -0.1767145867644227
Obstacle 1.9263179059042301 1.6297932320505102 0.6584143945644907 15.629299080026945 -5.101341930834322 0.8630464794957096 -0.265625964422207
Obstacle 2.3621634043597264 1.6254648404101104 1.1592079028469042 18.661555831146785 -6.888236276037916 2.0390816515446595 -0.3392799673881469
Obstacle 2.5813877727319885 2.247541480184574 1.2079235800307624 20.495991583400286 -7.849134355885853 2.491801912615349 -0.3611997627928144
Obstacle 1.1133193816567841 0.6307724107143888 0.6204088871105571 22.88850228183514 -10.737577469210182 2.2601225406698573 -0.4876726587945166
Obstacle 2.028992930730829 0.6803961209485292 1.0115618607717174 18.332749715692774 4.681096857979242 1.6399194179640095 0.054951512198350594
Obstacle 2.4241001519397747 0.6403707564656341 1 24.40009130046984 5.854312685797767 2.417934264375208 -0.31795888107516457
Dust 3.226560890674591 9.368833184242249 14.055842876434326 9.188030481338501 0.45596951246261597 -0.22532054781913757 0.0
Dust 2.4378790855407715 2.1794650554656982 1.215433120727539 19.96328353881836 0.6998904943466187 0.4305504858493805 0.0
Dust 0.09558999538421631 0.2931619882583618 0.8991775512695312 22.329954147338867 1.433089017868042 -0.107246994972229 0.0
Dust 1.2922461032867432 0.9674769639968872 1.7994613647460938 23.112686157226562 -0.9176974892616272 0.2904680073261261 0.0
Dust 0.16617098450660706 0.10296297073364258 0.33722686767578125 18.445051193237305 1.63036048412323 0.5168315172195435 0.0