Obstacle 1.4404431110213651 1.1469674718761398 0.5701320486000178 10.02399080938675 -11.76000466837862 -2.2024930236474978 0.23372444731276204
Obstacle 2.39216200598437 0.5733778029908727 0.8935379031081508 43.15269313238641 -1.4611578885159295 1.9975136199596932 1.3156155351069787
Obstacle 2.0925149164422665 0.347041623364968 0.7749808566374389 48.3381617623302 1.905867104463026 2.67446990446897 -0.65651438702735
Obstacle 1.5139554501320898 1.4258057477267276 0.39286049394315326 46.78344460100939 11.889409728421713 3.2872140566869357 0.18035064545176896
Obstacle 1.981392274237903 1.502733124669727 0.5967574734335606 43.285557294531166 12.038452936857405 3.6689980783291842 0.20754109679029079
Obstacle 1.8376309751906872 1.7705950819579317 1.0220107727493013 41.266520583727626 12.438831601806857 3.59841703753659 0.1944225526363471
Obstacle 1.829538987709459 1 1 49.86254747841144 -25.392902519405908 1.3008957370388463 0.13463967012017064
Obstacle 4.20239201097004 1.257578899633462 2.8996075489324844 76.88088487924149 -23.31320267730286 6.279101348283482 0.37399911100886896
Obstacle 2.274013277937967 2.6458732001299965 1.5695938746316207 101.36368647591712 17.085001012363833 6.202107452166612 0.2262026119871212
Truck 2.782495492192252 3.8185670698442737 7.503289349424002 87.39320031588986 -30.46956173936119 5.67888487256441 -0.5142067917482303
Car 2 2.7 4.8 74.38841704707703 -3.01857368609801 5.880491504407001 0.298126227843055
Stone 0.30638718314884883 0.5750113322523824 0.6 26.468723206024517 -8.735822241077239 -3.173324523984805 0.06548327885707028
Stone 0.33560944905591245 0.841045220392484 0.616987061912977 17.536714973329175 -10.39066908344452 -3.61519654867313 0.06548327885707028
Stone 0.5260942575742691 1.0885129246020722 0.5113844079573763 16.767024693821643 -11.612382869896303 -3.5943634667456745 0.015232579149736537
Obstacle 0.9051035973454808 0.5734810642551805 0.5756475597684774 21.704133086857766 -12.50057532973277 -3.232501119130029 0.21710010902349053
Stone 0.3889472150264007 0.6 0.8226494931615045 23.89970852395745 14.722313579067311 -2.1131518911494513 -0.7896286009422855
Dust 0.762982964515686 1.4873390197753906 1.152970314025879 9.36874008178711 13.278085708618164 -1.53883957862854 0.0