Obstacle 4.032856347816243 1 2.330717451281785 78.62654208764998 -27.22043451128841 7.055537547478114 0.3753912903843527
Obstacle 1.8424522567613748 1 1 51.53589398217703 -28.233276365338142 1.7587738716193126 0.5741428699636254
Obstacle 2.5991588351963992 1 1 45.75359935414552 -4.127831168189236 2.8330894556873845 -0.7954458885275253
Obstacle 2.382956955643535 1 1 51.16294137217683 -0.8988824805097442 3.4998041402505122 -0.7954458885275253
Obstacle 1.9505531965378067 1 1.5932378484376042 50.297892897646705 9.153511383736193 4.129686644423948 -1.4227368560819187
Obstacle 1.6901654259252026 1.501153276102912 1.488793649398394 12.528243669452701 -13.197676367261423 -1.904917287037399 -0.14637372511718613
Car 2.3641738093173066 2.443318951398281 5.105788941574323 37.06335070699352 1.827479367504864 0.4145769310319485 0.16183208866207377
Dust 0.34591203927993774 0.9851330518722534 0.3129148483276367 2.8156864643096924 -0.1542775183916092 -0.6956089735031128 0.0
Dust 0.4670949876308441 0.6571279764175415 0.6705499887466431 1.5260310173034668 -2.1124520301818848 -0.25182849168777466 0.0
Dust 0.702366054058075 0.9162560105323792 1.141171932220459 4.6060991287231445 -1.0255110263824463 -1.0887529850006104 0.0
Dust 0.16308899223804474 0.38817596435546875 0.3359701633453369 3.2942891120910645 -4.664275169372559 0.09007550030946732 0.0