Obstacle 1.675151573655166 0.8207553864291849 0.3749582498786367 7.601980790885461 6.082750960044411 0.4671824082409709 -0.4964264603823012
Obstacle 1.4404431110213651 1.1469674718761398 0.5701320486000178 18.570513236237375 -10.809172299733495 -0.7623881706368262 0.09100645619009362
Obstacle 2.426749257540123 0.5733778029908727 0.8935379031081508 51.132327386641194 1.3432793761518984 3.7321896230151492 1.5134694676524572
Obstacle 2.0925149164422665 0.347041623364968 0.7749808566374389 55.93399815628368 5.16358193337085 4.47237181323328 -0.5736112475576196
Obstacle 1.5139554501320898 1.4258057477267276 0.39286049394315326 53.9293281969438 14.994890210391198 5.335324140514306 0.27633807290113166
Obstacle 1.8376309751906872 1.7705950819579317 1.0220107727493013 48.79608395755892 15.320859019675352 5.36834166553542 0.10873462675199921
Obstacle 1.829538987709459 1 1 59.07924844460757 -22.13011401888907 3.6524285082927643 0.13463967012017064
Obstacle 4.20239201097004 1.257578899633462 2.8996075489324844 85.33510229158772 -18.727540745990023 8.316788487078396 0.37399911100886896
Obstacle 2.274013277937967 2.6458732001299965 1.5695938746316207 108.00362859981054 23.350128314025945 9.103992658663056 0.25238255076703586
Truck 2.782495492192252 3.8185670698442737 7.503289349424002 97.08181427211196 -24.997490368028338 8.711801694895653 -0.4768068792054949
Stone 0.33560944905591245 0.841045220392484 0.616987061912977 25.99523596399788 -8.931082557082695 -1.9822446374817826 0.06548327885707028
Stone 0.5260942575742691 1.0885129246020722 0.5113844079573763 25.248080626954007 -10.270443458067586 -1.8378404591885182 0.015232579149736563
Obstacle 0.9051035973454808 0.5734810642551805 0.5756475597684774 30.088475829001673 -10.962734980252948 -1.5405801684984337 0.21710010902349053
Stone 0.3889472150264007 0.6 0.8226494931615045 30.773796882877278 16.51353997624219 -0.4786960662014417 -0.7896286009422855