Car 2.1479740142822266 2.35947240686368 4.888262941612655 28.175408957876485 -6.028424181094529 -0.9369550306182288 -0.3152500961414719
Obstacle 1.9263179059042301 1.6297932320505102 0.6584143945644907 3.0826199705436084 -5.454726811998076 -0.8162097801118637 -0.24817267190226372
Obstacle 2.3621634043597264 1.6254648404101104 1.1592079028469042 5.946399396592613 -7.172422508239765 -0.015501152978584759 -0.6265472831328212
Obstacle 2.5813877727319885 2.247541480184574 1.2079235800307624 7.66129276642424 -8.489794562030808 0.5060560710468234 -0.6607317518627375
Obstacle 2.028992930730829 0.6803961209485292 1.0115618607717174 5.727365238638596 4.28877890117451 -0.47491324386772005 0.054951512198350594
Obstacle 2.4241001519397747 0.6403707564656341 1 11.688327128289307 5.415951610107391 0.2604851291488084 -0.31795888107516457
Obstacle 3.069615946196578 1.3524074660027572 0.8972144890825292 38.75730906789751 -33.90192078989731 -0.07671122959188204 -0.513676116086637
Dust 2.9397969245910645 3.239454984664917 7.260974884033203 4.7867584228515625 -1.7177754640579224 -0.7915794849395752 0.0
Dust 1.0831509828567505 1.319566011428833 0.659571647644043 10.432720184326172 -0.7923779487609863 -1.8286845684051514 0.0
Dust 1.0866659879684448 1.3155779838562012 1.3586626052856445 14.386545181274414 -1.726315975189209 -1.7629189491271973 0.0
Dust 0.13129401206970215 0.03862190246582031 0.11398601531982422 12.624610900878906 -1.867372989654541 -1.3885760307312012 0.0
Dust 0.2071089744567871 0.05181288719177246 0.1385478973388672 21.324214935302734 -3.293712615966797 -1.4788864850997925 0.0