Obstacle 2.539427897131602 1.099881465895352 2.1524555265638603 3.9989201370455594 5.499142655462977 -0.06522709466584087 1.1437065508102502
Obstacle 1.6832290585511935 0.9794919463210763 0.8236592038329851 14.033585822834304 -11.70649112672585 -1.7172651018216976 1.1780972450961724
Engineering 4.264779631740655 3.540053200702563 8.762882852532787 22.969495409608207 8.619176258874498 0.33482459749656096 -3.1154127148098785
Stone 0.43161330929969494 0.5928307239782592 0.687453734879205 30.320330700927226 -8.236208488624357 -2.2831195611330215 0.21758829902357335
Obstacle 3.003749932363223 1.3389340402159478 0.8077272545789995 47.169386231148856 -1.176652137380556 3.2049685927151472 -0.45808147778193314
Obstacle 2.253840405679594 0.9711242790524736 0.9661036303687586 52.32315505014403 2.427604551659767 3.8599229958830286 0.6021385919380442
Obstacle 1.7508389496967416 1.7599474471339016 0.9058267186739566 50.667476858731725 12.61095136740788 4.477760456285603 2.9583330821303884
Obstacle 3.155438028450704 1.3820092719320298 1.7936723768093255 80.26526284456136 -23.10721677350171 6.9076246986013725 -0.8639379797371927
Car 1.8506483780675858 1.8650682356068344 4.479242335302746 76.72804120342309 -2.529829760673669 6.892268114331416 -2.808684778696782
Obstacle 1.6632307755195046 0.7919963430267865 1.1988341419352966 53.71973813072346 -25.029013111935516 2.1675080968426594 -2.905973204570558
Obstacle 1.5059785842895508 0.7001280119576021 2.2796646083292798 105.39612649509994 18.307354045730982 7.669179131152775 1.4398966328953218
Stone 0.9862526111861274 0.8107917625032656 1.1133287751045975 25.633626245043 -12.317366709814564 -2.513696390944218 -2.0158552860534504
Stone 0.450738074970792 0.48352115400592466 0.7362452631901194 21.485828760138542 -9.975841486992552 -2.8292231826009906 1.7540558982543013
Stone 0.4353436638838935 0.5143997070652712 0.5366274880144959 20.367905853632948 -6.627228455802502 -2.4944405807619585 -0.27706214484385905
Stone 0.42713284492492676 0.7834644936668798 1.7700938536031896 20.651761851587615 -11.525548157560278 -2.9478214979171753 -1.911135530933791
Dust 2.8420180082321167 4.221140780533874 4.136560684893242 21.661235181067447 4.580331827982035 0.36553158729860685 0.08604141403872068
Dust 0.3754529356956482 1.0243043899536133 1.0139007568359375 5.436027526855469 -9.043867111206055 -0.9906624555587769 0.0
Dust 1.604686975479126 2.0368876457214355 2.227022171020508 21.7387113571167 5.71970272064209 0.22449946403503418 0.0
Dust 1.546045944094658 1.2310789823532104 1.3539314270019531 21.42544651031494 3.2486345171928406 0.15877500921487808 0.0
Dust 0.0833359956741333 0.3435683250427246 0.22756671905517578 4.2121124267578125 -5.373893737792969 0.6085699796676636 0.0