Obstacle 1.4404431110213651 1.1469674718761398 0.5701320486000178 6.965933906379454 -12.038914996336052 -2.2438503132265875 0.3050834428740962
Obstacle 2.374868380206493 0.5733778029908727 0.8935379031081508 40.233336208886755 -2.528278114954139 2.5511513175489346 1.2496642242584861
Obstacle 2.0925149164422665 0.347041623364968 0.7749808566374389 45.450498481859526 0.7256149086255596 3.142351875599757 -0.7874140809269243
Obstacle 1.5139554501320898 1.4258057477267276 0.39286049394315326 44.20501084970387 10.780558880958392 3.483859590122813 0.15969758263650272
Obstacle 1.9290186196483532 1.502733124669727 0.5967574734335606 40.618245314273494 11.035758102456224 3.4957951094082382 0.18896356292144817
Obstacle 1.8376309751906872 1.7705950819579317 1.0220107727493013 38.59778415798967 11.418662823898623 3.70120415215173 0.13888934916380008
Obstacle 1.829538987709459 1 1 46.36510295788889 -26.565907617218144 2.2570514799542085 0.13463967012017064
Obstacle 4.20239201097004 1.257578899633462 2.8996075489324844 73.27576205836054 -25.136327680911773 7.878921321406295 0.37399911100886896
Obstacle 2.274013277937967 2.6458732001299965 1.5695938746316207 98.69269731469603 14.476208667859225 7.840082727183537 0.21747596572714958
Truck 2.782495492192252 3.8185670698442737 7.503289349424002 83.93385440463074 -32.55886218925682 7.18066061098651 -0.5266734292624755
Stone 0.30638718314884883 0.5750113322523824 0.6 23.438344924723463 -9.467729259880013 -2.952268776655141 0.06548327885707028
Stone 0.33560944905591245 0.841045220392484 0.616987061912977 14.559876529024278 -10.888847488430509 -3.481547118452218 0.06548327885707028
Stone 0.5260942575742691 1.0885129246020722 0.5113844079573763 13.745471466131749 -12.085969757080298 -3.551113016686908 0.01523257914973653
Obstacle 0.9051035973454808 0.5734810642551805 0.5756475597684774 18.541767679370835 -13.16924335699018 -3.0328257634262146 0.21710010902349053
Stone 0.3889472150264007 0.6 0.8226494931615045 21.43499812098441 14.133895433358049 -2.185813296176093 -0.7896286009422856