Obstacle 1.4404431110213651 1.1469674718761398 0.5701320486000178 12.660651122866476 -11.524299168386674 -1.8111357340684078 0.258358560611116
Obstacle 2.4094556317622464 0.5733778029908727 0.8935379031081508 45.62580080217929 -0.5941853082939674 2.6545606175492584 1.3815668459554715
Obstacle 2.0925149164422665 0.347041623364968 0.7749808566374389 50.7188833593466 2.93995053661327 3.2946956898881625 -0.6477877407673784
Obstacle 1.5139554501320898 1.4258057477267276 0.39286049394315326 49.023173122843744 12.923248184276378 4.101201718871317 0.22980164092494165
Obstacle 1.457655728342405 1.502733124669727 0.5967574734335606 45.43654387839137 13.019527233637561 4.416256147492652 0.2261186306591334
Obstacle 1.8376309751906872 1.7705950819579317 1.0220107727493013 43.49730503755937 13.219871590149712 4.272616308688003 0.24995575610889417
Obstacle 1.829538987709459 1 1 52.93407710460376 -24.3373575946749 2.0847399941234857 0.13463967012017064
Obstacle 4.20239201097004 1.257578899633462 2.8996075489324844 79.27380880806926 -22.00880104156136 6.7991131738090385 0.37399911100886896
Obstacle 2.274013277937967 2.6458732001299965 1.5695938746316207 103.43081059310877 19.090115771491355 7.343743538974001 0.23492925824709276
Truck 2.782495492192252 3.8185670698442737 7.503289349424002 90.71256747888019 -28.78253542053693 6.4170180053570895 -0.5017401542339851
Car 2 2.7 4.8 76.3930946204345 -1.6288380042467896 6.3604915044069905 0.298126227843055
Stone 0.33560944905591245 0.841045220392484 0.616987061912977 20.245144453250948 -9.963801148915417 -3.0822062828533157 0.06548327885707028
Stone 0.5260942575742691 1.0885129246020722 0.5113844079573763 19.356178289655244 -11.191080860048885 -3.133894998032403 0.015232579149736546
Obstacle 0.9051035973454808 0.5734810642551805 0.5756475597684774 24.339028669323092 -12.037376764817518 -2.5556625241982034 0.21710010902349053
Stone 0.3889472150264007 0.6 0.8226494931615045 25.940599034409043 15.31296321149791 -1.4119168839639218 -0.7896286009422855