Obstacle 1.8355236971020752 0.8207553864291849 0.3749582498786367 5.004550796029864 5.844951001303384 0.13923672213180413 -0.4876998141223295
Obstacle 1.4404431110213651 1.1469674718761398 0.5701320486000178 15.647180891026347 -11.216533086938174 -1.2197784444893176 0.09100645619009362
Obstacle 2.426749257540123 0.5733778029908727 0.8935379031081508 48.325434714316074 0.39231074882487404 3.311607615138824 1.4475181568039643
Obstacle 2.0925149164422665 0.347041623364968 0.7749808566374389 53.461025370275706 4.036214793532466 4.050934944876102 -0.610699494162499
Obstacle 1.5139554501320898 1.4258057477267276 0.39286049394315326 51.47791131895642 13.953799522926964 4.918250112309995 0.2530726976181994
Obstacle 1.457655728342405 1.502733124669727 0.5967574734335606 47.85023937568613 13.963285752163785 4.876531508241838 0.2446896451194468
Obstacle 1.8376309751906872 1.7705950819579317 1.0220107727493013 45.920245271448906 14.219977642051484 5.044100714086362 0.30310858383065653
Obstacle 1.829538987709459 1 1 56.04630076515717 -23.22836647674528 2.8685842512081248 0.13463967012017064
Obstacle 4.20239201097004 1.257578899633462 2.8996075489324844 82.30445554982862 -20.36817089377564 7.557950830443717 0.37399911100886896
Obstacle 2.274013277937967 2.6458732001299965 1.5695938746316207 105.69168669265241 21.32283086812943 8.485379625781391 0.2436559045070643
Truck 2.782495492192252 3.8185670698442737 7.503289349424002 93.97382680920413 -26.88941798750737 7.934249875963604 -0.48927351671974006
Car 2 2.7 4.8 78.42779344543085 -0.17338531964851306 6.84049150440698 0.298126227843055
Stone 0.33560944905591245 0.841045220392484 0.616987061912977 23.10958687901618 -9.448208924479108 -2.490478694931935 0.06548327885707028
Stone 0.5260942575742691 1.0885129246020722 0.5113844079573763 22.383034096630308 -10.789536639042138 -2.4858677286104607 0.015232579149736558
Obstacle 0.9051035973454808 0.5734810642551805 0.5756475597684774 27.213752249162326 -11.500055872535086 -2.0881213463483186 0.21710010902349053
Stone 0.3889472150264007 0.6 0.8226494931615045 28.44596271881098 15.89592339409015 -0.858006580557801 -0.7896286009422855