Stone 0.34780393615949584 0.6373623798282229 0.6 32.24050655669162 -7.584785830471428 -1.8186878239912168 3.6973898387415716e-08
Obstacle 2.8275291893875565 1 1 53.913101209994295 4.184959388362784 4.557784305260565 0.2952856583448717
Obstacle 2.796039974777611 0.6733783876552666 0.7754890609965699 48.9176994542388 0.6694915401848895 3.9808055249234333 0.44898967469538614
Obstacle 3.2877235166973144 1.3891735527215898 1 82.99171491882748 -19.798079601609437 8.223631363156125 0.2975517485899076
Obstacle 2.4725454229093726 3.228946064677313 1.9813317325113902 105.77751594939161 22.32537980067868 8.891578129073725 0.30464282828579337
Obstacle 1.4555646964946187 1 1 56.551289740243575 -23.208517188189784 3.2292361353514423 0.027679905655384474
Obstacle 1.1743688398835332 1.7129753160008638 0.8382496888771203 51.74207390163027 13.965042181945371 4.81533749913526 0.26018196311026154
Obstacle 1.4870923636357163 0.7312260582975775 0.8832997613062079 15.869422593901735 -11.745051281619007 -1.0914538181821416 0.28497766943767466
Obstacle 1.7426482954352709 0.5309151960517303 0.8808360827704503 5.328785416824574 5.355169800408578 0.1983431469768771 0.3706325838210573
Obstacle 1.0459689751019339 0.9207756367720243 0.8287367632793526 27.53982461983779 -11.975240000015416 -2.087328294037726 0.14594729422333974
Stone 0.4012190129352723 0.7046215721393303 0.6 23.39272989855493 -9.761356981455037 -2.352480810322519 -0.015367859761753921
Stone 0.540028165496648 1.6741134845977754 0.7571209626372654 22.83714516010284 -11.327762861617424 -2.3597970310905345 0.1373717122986818
Dust 0.7678090333938599 1.0499610900878906 0.9011079668998718 1.373703956604004 1.4388924837112427 -0.2516095042228699 0.0
Dust 2.4723939895629883 1.6133297681808472 4.001435041427612 7.634682297706604 3.0528140664100647 -0.43647801876068115 0.0