Stone 0.34780393615949584 0.6373623798282229 0.6 22.03424973499011 -9.810690384674235 -2.2740274403602614 3.6973898387415716e-08
Obstacle 2.8275291893875565 1 1 44.3367828448618 0.5920546093351698 4.564269623251187 0.2952856583448717
Obstacle 1.852594875984388 0.6733783876552666 0.7754890609965699 39.18409475509305 -2.771901823626114 3.1319050751184814 0.44898967469538614
Obstacle 1.4555646964946187 1 1 45.04355334167454 -26.925142821679696 3.612977860695555 0.027679905655384474
Obstacle 1.0459689751019339 0.9207756367720243 0.8287367632793526 16.98763933938591 -13.666529469225697 -2.59056105020925 0.14594729422333974
Stone 0.4012190129352723 0.7046215721393303 0.6 12.994444473069654 -11.274482509313934 -3.066676987971426 -0.015367859761753921
Stone 0.540028165496648 1.6741134845977754 0.7571209626372654 12.27014986922015 -12.836833775607573 -3.0728642676934252 0.13737171229868197
Dust 3.4341681003570557 7.098660945892334 9.364629983901978 6.909073233604431 4.32304835319519 -0.4126949906349182 0.0
Dust 3.629598021507263 1.939605951309204 2.275815963745117 18.922916412353516 1.8347989320755005 0.00047904253005981445 0.0
Dust 2.1973109245300293 1.1126930713653564 1.0346870422363281 21.80784797668457 2.50283145904541 0.2549534738063812 0.0
Dust 0.7518420219421387 0.33684396743774414 0.8993797302246094 26.68096923828125 2.3348190784454346 0.32139497995376587 0.0
Dust 0.20700600743293762 0.2994680106639862 0.6595592498779297 29.83028793334961 0.213018998503685 0.32059699296951294 0.0