Dust 1.4430866375306661 0.9211372265891253 1.3568037091902685 24.20265148686915 2.8314708330366885 0.9390122738756583 0.16709194748601774
Stone 0.34780393615949584 0.6373623798282229 0.6 29.1271865305426 -8.356123856100567 -2.4968460634113363 3.6973898387415716e-08
Obstacle 2.8275291893875565 1 1 51.07612966965418 2.9279190393594234 3.4113201524423404 0.2952856583448717
Obstacle 2.796039974777611 0.6733783876552666 0.7754890609965699 45.90735827781888 -0.6565303552473082 2.970846798279136 0.44898967469538614
Obstacle 3.2877235166973144 1.3891735527215898 1 79.64756761382671 -21.650179946151273 7.063454460282829 0.29755174858990757
Obstacle 1.4555646964946187 1 1 53.220097054372616 -24.433418243602603 2.098802686965473 0.027679905655384474
Obstacle 1.4870923636357163 0.7312260582975775 0.8832997613062079 12.643775190876202 -12.11327753184624 -1.7014538181821421 0.28497766943767466
Obstacle 1.0459689751019339 0.9207756367720243 0.8287367632793526 24.42197048595493 -12.511719070015062 -2.6105610502092502 0.14594729422333974
Stone 0.4012190129352723 0.7046215721393303 0.6 20.198917343856518 -10.32325651931469 -3.0780149275505195 -0.015367859761753921
Stone 0.540028165496648 1.6741134845977754 0.7571209626372654 19.45118605701592 -11.81193401593714 -3.122798722035799 0.13737171229868178
Dust 2.7736120522022247 5.751776188611984 8.324441492557526 5.127934664487839 2.0766470581293106 -0.5686970204114914 0.0
Dust 0.4400489926338196 0.04365801811218262 0.25286865234375 24.250776290893555 2.857570171356201 0.8732035160064697 0.0