Engineering 4.264779631740655 3.540053200702563 8.762882852532787 15.67477620348566 7.316523105254649 -0.5535499940838287 3.105463722484673
Stone 0.43161330929969494 0.5928307239782592 0.687453734879205 22.550325257345282 -10.100598056188849 -2.7577593206834723 0.21758829902357335
Obstacle 2.722598886253484 1.2494768891810308 0.8077272545789995 39.512676550142764 -4.00783874839964 2.750032690166016 -0.4580814777819332
Obstacle 2.253840405679594 0.9711242790524736 0.9661036303687586 44.80114732230061 -0.6579833492016242 3.342442592256147 0.6021385919380442
Obstacle 1.7508389496967416 1.7599474471339016 0.9058267186739566 43.627066087790304 9.410006314258506 3.9403948452320727 2.9583330821303884
Obstacle 2.999914445998501 1.3561318375044316 1.711240912399108 71.38096811054413 -27.832448213039417 7.582247814425853 -0.8639379797371927
Obstacle 1.6632307755195046 0.7919963430267865 1.1988341419352966 44.83822149702642 -28.179291847114108 2.346344769129443 -2.905973204570558
Stone 0.9862526111861274 0.8107917625032656 1.1133287751045975 17.53456608394503 -13.923672907424548 -3.019509165478702 -2.0158552860534504
Stone 0.3984303631688769 0.7097120804760756 0.5330117778031536 13.631270967928192 -11.384258337640462 -3.4788079183148533 -2.958333082130389
Stone 0.39548318092164936 0.33345839193994165 0.49007110890108124 12.714624343318068 -7.832012958798267 -3.2722648594965973 -0.21505629793578399
Stone 0.5433802214993564 1.1419926501918736 0.9606352623654444 12.793291725207945 -12.475029592359428 -3.5775052462064854 -0.027942920289267148
Dust 2.08338650119291 4.72371519550293 4.332129972788481 11.463158613575741 6.865969862366141 0.5504648702441571 -2.958333082130389
Dust 3.339695930480957 7.642711162567139 8.270496368408203 7.746628046035767 3.833780527114868 -0.4983300566673279 0.0
Dust 0.13813304901123047 0.15936803817749023 0.3152923583984375 14.160102844238281 1.112030029296875 -2.0780155658721924 0.0
Dust 1.0425000190734863 1.766355037689209 1.4868144989013672 16.051109313964844 0.3645685017108917 -1.1514419317245483 0.0
Dust 0.05175095796585083 0.2617459297180176 0.37925100326538086 5.590780258178711 -1.8296769857406616 0.5716254711151123 0.0