Car 2.2797501744829485 2.222652292061863 5.128869762578979 27.856982727915724 -5.922163496794722 -0.6855614684401489 -0.3403392041388944
Obstacle 2.17884129007347 0.9407188161711486 1.2971383697467527 4.583697358947821 4.391192819157882 -0.717888399841916 -0.2102952621380894
Obstacle 2.8645642900527504 0.5371241296727572 1.0679377350327361 10.356798528671233 5.658422868006913 0.059604502016354366 -0.504885393686478
Obstacle 2.326840753885935 0.5476793120309693 0.9511850336347185 5.046368502856694 -6.468069154372995 -0.2609966693670641 -0.06599959724700438
Obstacle 1.649824910302608 0.47353214512036024 0.8129886955975906 4.92615052565206 -7.266975426720736 -0.5064309610032902 -0.10090618228689101
Obstacle 1.4175514487055003 0.47353214512036024 0.5283098550770409 6.197888999402141 -8.584679453920076 -0.3287357308281985 0.026179938779914976
Obstacle 1.6100500226020813 1.3869959274722075 0.6588534726127786 6.890122889749335 -8.063585729394461 -0.06583699584007263 -0.11459964948900134
Obstacle 2.5114810755223074 1.2681036769373466 0.6869871848042258 37.79952478751942 -33.378779706835715 0.47443875971405214 -0.7516448264669319
Obstacle 2.47278204953641 1.5407157946926622 0.83124375901903 47.02689322646044 -18.576317399060706 2.8346132048932287 -0.853628758510397
Dust 2.2354109287261963 2.9307169914245605 4.685659408569336 3.397634506225586 -1.3058254718780518 -0.6420674920082092 0.0
Dust 3.3637518882751465 3.5100669860839844 3.9186973571777344 8.853326797485352 -1.6650404930114746 -0.7235410213470459 0.0
Dust 1.4732939004898071 1.6855520009994507 1.2388572692871094 12.516559600830078 -1.8620469570159912 -1.6208360195159912 0.0
Dust 0.09253692626953125 0.0652778148651123 0.07513999938964844 7.8932647705078125 2.163020133972168 -1.0885004997253418 0.0
Dust 0.8950660824775696 0.7157120704650879 1.4032058715820312 15.833566665649414 -3.255531072616577 -1.3809820413589478 0.0
Dust 2.308666944503784 1.8009657859802246 1.0714149475097656 19.42034339904785 -3.8859379291534424 -1.27029550075531 0.0
Dust 0.8032660484313965 1.6458451747894287 1.9447441101074219 24.29578399658203 -4.489997386932373 -1.239956021308899 0.0