Obstacle 2.539427897131602 1.099881465895352 2.1524555265638603 10.911666401314717 6.503030354999819 0.7849231348518986 1.1437065508102502
Obstacle 1.6832290585511935 0.9794919463210763 0.8236592038329851 21.654741691703 -10.706627013511053 -0.08027859982410845 1.1780972450961724
Engineering 4.264779631740655 3.540053200702563 8.762882852532787 32.697285767234945 10.280360677794626 1.855712864963719 -3.1154127148098785
Stone 0.43161330929969494 0.5928307239782592 0.687453734879205 37.902234173119595 -6.670019520980284 -0.836322632768458 0.21758829902357335
Obstacle 2.253840405679594 0.9711242790524736 0.9661036303687586 59.18747918414073 5.345996292223324 5.212616390049028 0.6021385919380442
Obstacle 1.7508389496967416 1.7599474471339016 0.9058267186739566 57.322406442254426 15.073936686029448 5.526398265234252 2.9583330821303884
Obstacle 3.155438028450704 1.3820092719320298 1.7936723768093255 88.35806261509043 -18.815691989900365 9.06837729488646 -0.8639379797371927
Obstacle 1.6632307755195046 0.7919963430267865 1.1988341419352966 61.88218953693665 -22.001417643984617 4.2725307048133505 -2.905973204570558
Obstacle 3.458006319282777 0.9628045693675374 3.8930431262091405 111.56494291649699 23.38662776862775 11.276743455685994 1.4398966328953218
Stone 0.9862526111861274 0.8107917625032656 1.1133287751045975 33.345065653804355 -10.970683178219717 -1.040638274721793 -2.0158552860534504
Dust 1.7579093837541235 1.9947496279024048 2.6867869272157954 36.22808923592409 6.780672866236887 1.7361342157226478 1.5242924670663962
Dust 0.7148770093917847 1.8427562713623047 0.6012382507324219 36.51361083984375 6.569653034210205 1.6644394397735596 0.0