Obstacle 2.1399893041050775 1.3910986874932914 0.9365430040209127 15.395610745459145 -12.669926322393232 -1.3974919659866403 0.0075513735064648806
Dust 4.419505000114441 9.352328620379918 17.58258933581509 22.604963005438215 6.478773451884556 1.766458028554915 -0.4450589592585539
Obstacle 2.407072331028635 1.0554028374996345 0.8849477598546315 50.65760112640232 3.1526772422308897 2.610931957213522 0.4297153158202512
Obstacle 3.0879382412263863 1.0857963314938375 1.126141125512322 54.10571020644094 1.4939199390453262 4.251259609930086 0.8115781021773637
Obstacle 2.4779568476754394 0.7871559306357847 0.8651442344928223 48.80321551140059 -2.155336664827299 3.4329122137227412 -1.5446173844114313
Obstacle 3.466805356806809 1.3188620150418409 1.457533010646574 82.04743373619428 -24.23246505241844 7.596079649554759 2.17293491873294
Obstacle 2.88087539380882 4.447829962330882 7.1234906601877235 93.05982308095363 -31.042260998787395 7.477946571811917 -0.48869219055841245
Dust 2.860879063606262 5.470608055591583 4.5342642068862915 6.230967938899994 4.268956035375595 -0.23497048020362854 0.0
Dust 0.9323390126228333 1.5936720371246338 2.014709949493408 1.9829020500183105 1.3822189569473267 -0.28870251774787903 0.0
Dust 0.9403250217437744 0.9696991443634033 0.7433748245239258 9.792564392089844 3.068380355834961 -0.8402944803237915 0.0
Dust 4.073461055755615 6.2011332511901855 11.540019989013672 22.532371520996094 6.3168792724609375 0.5694335103034973 0.0
Dust 0.6335619688034058 0.4684305191040039 0.6609687805175781 14.40701675415039 7.979794025421143 -0.14436699450016022 0.0
Dust 2.767650954425335 2.6617329120635986 4.480695724487305 27.504159927368164 0.9777535200119019 1.0492544807493687 0.0
Dust 0.4350041151046753 0.27771854400634766 0.2588157653808594 21.3233699798584 10.522930145263672 1.807898998260498 0.0