Obstacle 1.467753949118645 0.6699027053546682 0.5548950488195268 6.9410953690172645 -11.9376347943238 -2.206233994937435 -0.044808504053365006
Dust 1.5570185818801472 2.6850440394715145 2.2446594510032756 12.991550975234972 4.963161632666139 0.8928972368931969 2.4347343065320897
Obstacle 2.407072331028635 1.0554028374996345 0.8849477598546315 43.90744046965164 3.6771446008232354 1.9610224278357902 0.429715315820251
Obstacle 3.0879382412263863 1.0857963314938375 1.126141125512322 45.72267692200054 1.621172523870419 3.587352888066412 0.8115781021773643
Obstacle 2.962068303523876 0.7871559306357847 1.0141016055231105 40.40721993317665 -1.937363288210582 2.846836477195469 -1.5446163880149815
Obstacle 1.6855943275464074 1.6383413491242473 1.0263524624851392 38.42837130094381 12.254036402292513 3.469708792014541 0.2728104639074082
Obstacle 2.88087539380882 3.9595222064228883 6.5143338962155655 83.86768525264932 -30.38878798087876 7.333902802121475 -0.48869219055841245
Dust 2.327692002058029 4.025640100240707 6.432945728302002 5.27793288230896 2.268387034535408 -0.19135098159313202 0.0
Dust 0.8302450180053711 0.25273609161376953 0.1638929843902588 3.611691474914551 5.268520832061768 -0.4120684862136841 0.0
Dust 3.579982042312622 6.974547386169434 6.261723518371582 14.94933271408081 2.382101535797119 -0.2208620309829712 0.0
Dust 0.21328699588775635 0.509058952331543 0.31142711639404297 6.416756629943848 7.386136531829834 -0.16678449511528015 0.0
Dust 0.8216569423675537 0.31658199429512024 0.45672607421875 18.943439483642578 -0.05655300244688988 -1.456802487373352 0.0
Dust 0.12788799405097961 0.38029801845550537 0.1791210174560547 1.1127514839172363 0.8587040305137634 0.04410899803042412 0.0