Truck 4.659458920023136 4.234877343271979 9.607841272446171 68.51579913480546 13.835024027072365 -3.1739964704371957 -0.5279620987282859
Truck 4.659458920023136 4.234877343271979 8.973582802137988 71.89413694927278 17.36917800511807 -3.094719528428863 -0.5410464868300988
Truck 4.3158089123245365 4.588821431111486 8.973582802137988 74.31730413037234 21.903763425218305 -3.2802431811550705 -0.5259858509450083
Truck 4.284509847174864 3.9418409339166587 8.973582802137988 76.64168811775538 25.8683691106224 -3.3183580088608076 -0.5270894341022883
Truck 4.659458920023136 4.234877343271979 8.973582802137988 78.96771658846691 29.773530690198214 -2.6333404557124425 -0.5323254218582707
Obstacle 2.4111760173477177 2.66449348408642 1.0331030789048241 29.64849541786514 -21.43466259420757 -0.2033885684786847 1.1565998934748505
Obstacle 2.2662637650213755 2.1618601001196867 2.370275719806446 18.28806363635218 -23.50679097949617 0.5939999879228859 1.439896632895322
Obstacle 3.9157881325498094 1.0009535965138139 1.166320578697397 24.43645398354187 -20.515241533408894 1.833353340054058 1.297655173572456
Dust 0.6565686094309451 4.306734500455617 0.6440879080795627 0.08301575006525264 -0.15376358418870914 0.1586850704299258 -0.004607416966994897
Truck 5.214445894660446 4.795516422750924 8.231662448365466 99.40719958653675 11.861159677725286 -5.002460299722368 0.02172727742813954
Truck 5.214445894660446 4.359139242323109 8.231662448365466 98.52022683368597 6.520242821252698 -5.211038135508786 0.0449983341213973
Dust 0.1974709928035736 0.14884495735168457 0.1412390023469925 0.11277050524950027 -2.074660301208496 -0.027361497282981873 0.0