Truck 2.35658557086585 2.2634479722341783 5.491131147041443 8.346208216753439 4.2334249151128915 -0.09533566633426245 0.8243590643380282
Truck 1.8573746840073309 1.7685981498773353 3.979816576771039 20.161368452038005 4.741077537740466 -1.152895854203043 -0.07349331898522968
Obstacle 2.2314368926813737 1.8114899256959558 1.4051216453820554 1.8393765913251627 10.208388675503329 0.6341155646849357 -1.5446163880149815
Obstacle 1.3300425205214537 1.5527203795894093 2.4865364360704603 8.617900312473012 -5.3813851715081 -1.2543271626712718 0.445058959258554
Obstacle 1.3784774578381775 1.1153990505872275 1.541912347763712 12.541417098900183 0.5702436155272608 -0.8625983290992226 -1.1257373675363427
Obstacle 1.6718560063785115 1.3310365203275922 1.0968546784384894 24.438736525816864 3.14286097619159 -0.8311823140507582 -0.18325957145940475
Obstacle 3.5284097391335374 3.0440748546479406 3.3630137965909794 27.202547721662086 21.02930156888442 -0.4076709822742641 -0.7592182246175332
Obstacle 5.713198707714901 3.2564311327348388 5.033846764251998 40.472056203815555 19.88171092198604 2.7238254563327144 0.9162978572970231
Obstacle 2.629177628288239 2.1168478616204673 1.069302169184225 19.80727229376862 -10.000172635074478 -1.8314527184569147 -0.2879793265790643
Stone 1.0635771586581115 2.9893467767169164 2.86397464235707 0.8635309033707017 30.509841046924066 -0.004093501296105917 0.5556128085362406
Obstacle 2.702296971263487 1.661180116536222 0.9507427283774921 0.5219734257431569 -20.87132942159522 -2.684461086047076 0.46678594432212145
Stone 1.4614117204766455 1.4761524163985937 1.2780218182319982 24.063615841466344 31.547476831449785 -1.436388607072469 0.29123012529679854
Obstacle 3.406440937907781 4.6706266763287685 4.441004432225462 33.581906888465575 8.379857283259753 -0.6957404504930438 2.748893571891069
Dust 2.3024709820747375 7.834329128265381 5.240373818203807 2.6683749118819833 -1.0208256244659424 -0.4889484941959381 0.0