Truck 5.014220491329279 4.6556659290677604 10.025171203237077 14.455236331499464 -36.44100262634518 3.696317032087986 -0.9484668130816482
Truck 5.344249871909683 5.096126083346031 10.135180996763879 5.9529134474645735 -33.725321595373956 1.8079749584665237 -1.360694308001888
Truck 5.61862237659909 4.6556659290677604 10.025171203237077 5.062596040423921 -3.3113903657338475 2.0208702393675315 -1.5606379651328943
Truck 5.014220491329279 4.6556659290677604 10.025171203237077 0.12409420128787382 45.74242361574974 3.6923913207039423 -1.620247322268071
Dust 1.0975853161607483 0.9091818281588958 2.6682219016961812 2.2015771623451474 -2.3620886338620317 0.11047267459801324 -1.5511179179082721
Dust 2.845395304074693 7.736460125787502 10.899196870020491 6.272133666031011 7.629837086626032 0.4398196261544606 -1.562069680534926
Dust 1.385206937789917 5.089852809906006 1.7548656463623047 6.861769437789917 4.278867244720459 0.9819564819335938 0.0
Dust 2.146066963672638 5.934895277023315 2.4156200885772705 3.961756110191345 4.648966670036316 0.4976705014705658 0.0
Dust 0.9051389694213867 2.293858051300049 1.1942028999328613 2.0741374492645264 -2.282939910888672 -0.019324496388435364 0.0
Dust 0.13307201862335205 0.6022615432739258 0.2922859191894531 5.4630889892578125 10.433670043945312 0.5108270049095154 0.0
Dust 0.06136894226074219 1.0716819763183594 0.07376766204833984 9.288007736206055 7.956565856933594 1.0323565006256104 0.0
Dust 0.03170698881149292 0.6238412857055664 0.07038307189941406 7.072210311889648 9.709592819213867 0.7001584768295288 0.0