Obstacle 1.908747152410464 2.0138790301614806 2.7285745074837595 13.17398059218499 -38.01461078962075 0.06277365183812503 -1.8523470488186207
Obstacle 4.043899769950486 1.4294833712666632 1.6226171579524493 20.02919217529386 -35.98183008214481 1.203221020012084 -2.539454061651749
Obstacle 1.9661332288431916 0.7954392679983149 2.873291955549393 24.970994640896244 -37.587923430294616 -0.6181448746593103 -0.444549876908918
Truck 5.031794206387858 4.588283373872225 11.29359844933554 68.66757600073575 -9.492131879609238 -4.462411459965535 -0.680678408277789
Truck 5.031794206387858 4.423250085485547 11.29359844933554 73.28668464686876 -6.840107753979606 -4.225277003529301 -0.6748107085174571
Truck 5.031794206387858 4.423250085485547 11.29359844933554 76.37164918541744 -2.6864688047764376 -4.744841583880837 -0.679805053114936
Truck 5.0921798612859925 4.242093120791142 11.29359844933554 79.26809210119768 1.043264653633292 -4.720742145400254 -0.6680088354989674
Truck 5.0921798612859925 4.242093120791142 11.29359844933554 81.6534279873014 5.069897925099271 -4.914162152107757 -0.6718267432377055
Obstacle 2.590353818740915 3.4921085378173977 7.414695115341573 94.28514988964056 -19.397893084534136 -7.656579233031351 1.4835298641951806
Dust 0.023879006505012512 0.024580955505371094 0.012382999062538147 0.032678499817848206 -2.0153844356536865 -0.1639924943447113 0.0
Dust 0.17648100852966309 0.357421875 0.0699789971113205 0.26716348528862 6.396778106689453 -1.2710524797439575 0.0
Dust 0.5076720118522644 0.44419121742248535 0.04239199683070183 0.06195099651813507 3.8314976692199707 -1.2501579523086548 0.0