Truck 2.35658557086585 2.2634479722341783 5.491131147041443 9.231266207321095 4.179190438972228 0.161226026585231 0.7269136944678118
Truck 1.8573746840073309 1.7685981498773353 3.979816576771039 21.261270528407362 3.5160209823106925 -0.05526019600574289 -0.18562564942652887
Obstacle 2.2314368926813737 1.8114899256959558 1.4051216453820554 3.4542312037175407 10.605576759617975 0.6341155646849357 -1.5446163880149815
Obstacle 1.3300425205214537 1.5527203795894093 2.4865364360704603 8.588802931981036 -5.3432078878705624 -0.9847003495643553 0.445058959258554
Obstacle 1.3784774578381775 1.1153990505872275 1.541912347763712 13.124358936356643 0.0465325543916606 -0.4452848503872626 -1.1257373675363427
Obstacle 1.6718560063785115 1.3310365203275922 1.0968546784384894 25.22059942300075 1.2601268290814005 -0.33820864794651206 -0.18325957145940475
Obstacle 3.1625059136074603 3.0102040042710634 3.107028152751283 29.255198809181376 18.92439307083953 -0.5790578277481604 -0.7592182246175332
Obstacle 5.713198707714901 3.2564311327348388 5.033846764251998 42.87170392384461 14.815408646714266 4.047498585826133 0.9162978572970231
Obstacle 2.629177628288239 2.1168478616204673 1.069302169184225 19.34757076187958 -11.08877430687562 -1.8314527184569147 -0.2879793265790643
Stone 1.0635771586581115 2.907024592461406 1.793786247035436 4.484798081211705 31.102316273988684 0.30302358339647667 0.5556128085362406
Stone 1.4614117204766455 1.4761524163985937 1.2780218182319982 27.447411124532298 29.68639920352599 -0.992426482859065 0.29123012529679854
Stone 1.255378603507971 0.9660727132792886 1.093244983612147 33.82457925632082 23.555280489869414 -1.2197376411655265 1.7540558982543013
Obstacle 3.406440937907781 4.6706266763287685 4.441004432225462 35.04177033614934 5.71667495627446 1.3209946998715154 2.748893571891069
Dust 1.17274808883667 4.458509922027588 2.1337599754333496 2.488826036453247 0.5314850211143494 -0.5390419960021973 0.0
Dust 1.2105870246887207 1.728830099105835 1.727842092514038 0.9121400117874146 -3.1871739625930786 -0.7268635034561157 0.0