Truck 4.659458920023136 4.234877343271979 9.607841272446171 65.40731584987222 -28.868997256577135 -5.305984978439074 -0.8203047484373353
Truck 4.659458920023136 4.234877343271979 8.973582802137988 69.46462711863373 -26.22214991328972 -5.316942712967088 -0.8163295971207234
Truck 4.3158089123245365 4.588821431111486 8.973582802137988 73.02095910675843 -22.975942685567745 -5.848898006375457 -0.8388172324439525
Truck 4.284509847174864 3.9418409339166587 8.973582802137988 76.3561715044679 -19.76579212634598 -6.225397940168961 -0.8377580409572786
Truck 4.659458920023136 4.234877343271979 8.973582802137988 79.80675209581814 -16.669784590361452 -6.777183400862974 -0.8203047484373351
Obstacle 2.4111760173477177 2.66449348408642 1.0331030789048241 18.671767390111295 -50.90091629741145 1.7392142150026162 1.0224277072277874
Obstacle 2.2662637650213755 2.1618601001196867 2.370275719806446 7.241743277298102 -49.84377023956428 2.7131822905402823 1.1747504214176137
Obstacle 3.9157881325498094 1.0009535965138139 1.166320578697397 14.05248417416044 -48.33010222970583 3.2245431514377 1.297655173572456
Dust 0.32237499952316284 0.5750910043716431 0.4414350092411041 0.2653214931488037 -1.7357215881347656 -0.03210550546646118 0.0
Dust 0.1965159773826599 0.38167691230773926 0.20556199550628662 0.7672209739685059 2.841792583465576 -0.8031209707260132 0.0
Dust 0.03426101803779602 0.16896593570709229 0.00033599993912503123 -0.0010029999539256096 1.587580919265747 0.34853851795196533 0.0