Car 2.4532910412063793 2.1509493084140834 5.912280359621584 3.6529638097820314 -2.2328057857340387 -0.38804514121935885 -0.8837011208455612
Truck 0.5883696354906327 0.4426491808992295 0.42437968505670504 0.1025771273931026 -2.019764377718436 0.09391682742170712 -0.8337364260620206
Obstacle 1.8486153155985119 0.8184916826287598 1.234508065920598 9.940433751243976 3.6218239666058 -0.17328067930651891 -1.1792239783040144
Engineering 2.5620045484357545 2.363582610514698 3.353464874251488 6.0490841452564 -13.665278919761954 -2.1019678204629084 -1.8755707713948817
Obstacle 2.832399252023562 4.153754024289799 2.569715857580353 4.496056200016011 -27.445395724175533 -2.210278780367627 -1.4930141203109266
Stone 1.0748465959936577 0.6705095808824123 0.6526725341350047 0.5367206949865815 -17.715589479329605 -2.4864147928447426 -1.5123928842694354
Dust 2.1021579704766102 0.8052908794736451 2.234559141528823 1.9580789630431437 -2.4668954327220898 -0.27486336821112933 -0.8714872801182718
Dust 1.2941274070750466 1.358586858501173 0.5807802916399101 1.9681692240546775 0.4791959946833311 -0.5614427972386593 -0.8510847920133311
Dust 2.083568884018402 0.7931341620538365 2.2846726341556476 3.5740313482034884 -0.03542304042840491 0.18987919180317805 -0.8765119947736174
Dust 2.3273539543151855 5.654876470565796 4.069594053114997 2.033641026573605 2.093169093132019 -0.21865999698638916 0.0
Dust 1.9725090265274048 2.6609296798706055 2.4130349159240723 1.458782434463501 -2.958230972290039 -0.2307944893836975 0.0