Car 3.908012866973877 2.2897831926308125 5.729901580669002 3.1251486715430463 -2.4982027260147 -0.007751231193542568 0.7608768144273024
Stone 0.3083766369209513 0.4515949948743119 0.6169408671802072 23.753726263348653 16.143286941727183 -1.0654113151722067 1.7540558982543015
Dust 0.8040169477462769 1.5159900039434433 1.5159982442855835 2.8170990347862244 0.09648901969194412 -0.942843496799469 0.0
Dust 0.0014469921588897705 0.016527891159057617 0.01295199990272522 0.05107700079679489 -2.008324146270752 -0.19187849760055542 0.0
Dust 2.3217039555311203 1.3677051067352295 0.6865590214729309 0.8627885580062866 -5.353477358818054 -0.8199369683861732 0.0
Dust 0.15297099947929382 0.45751333236694336 0.37141990661621094 2.981610059738159 -5.132137298583984 -0.3414134979248047 0.0
Dust 1.380116045475006 2.426266133785248 2.2139670848846436 4.035934567451477 2.976260095834732 -0.8652010262012482 0.0
Dust 0.9113650023937225 2.9777079820632935 1.2615970373153687 1.2575615048408508 3.9969810843467712 -1.0799284726381302 0.0
Dust 0.915552020072937 0.787348747253418 0.6486999988555908 0.3565160036087036 11.441640853881836 -1.180027961730957 0.0
Dust 0.0008879899978637695 0.010103225708007812 0.024387001991271973 1.4821054935455322 10.803420066833496 -0.8030200004577637 0.0
Dust 0.034118980169296265 0.1665349006652832 0.00033299997448921204 -0.0009955000132322311 1.5726335048675537 0.3452324867248535 0.0
Dust 0.10112297534942627 0.14145000278949738 0.3243246078491211 4.84577751159668 0.12794500589370728 -1.567915439605713 0.0
Dust 0.03731703758239746 0.21592998504638672 0.14087799191474915 0.10232700407505035 8.44378662109375 -1.468409538269043 0.0