Truck 2.35658557086585 2.2634479722341783 5.491131147041443 -0.8033720280318049 7.62310266579675 -0.4505611966021602 1.792729836834662
Obstacle 1.4476978571499264 1.7488126073035306 2.4865364360704603 7.670385769037011 2.3286198709920427 -1.1843850737184836 0.445058959258554
Obstacle 1.3784774578381775 1.1153990505872275 1.541912347763712 4.446409811094589 8.694972540154211 -1.1093789166575485 -1.1257373675363427
Obstacle 7.641656573178418 5.189637860836756 6.674698051819427 6.643298125237379 42.54464589011104 1.8484761485249237 0.9162978572970231
Obstacle 2.629177628288239 2.1168478616204673 1.272328780058246 17.509265879517443 8.600739079733557 -1.8314527184569147 -0.2879793265790643
Obstacle 2.7196207400345607 2.6957279629790127 5.02880586459933 11.099065766283047 30.30417705005084 -0.05922676417265543 -0.4450589592585539
Truck 1.9651346144153756 2.1091629162855052 3.9084955725430417 6.024632590837427 17.318666259464862 -1.4954344729701075 0.8226902702146411
Obstacle 2.8551303515404642 3.170120935383539 3.4952450147823653 2.424670658262812 19.069881441976577 -1.1185734868889965 -2.3420836502158946
Dust 3.023684024810791 8.090061902999878 6.2116289138793945 3.2308154106140137 1.0788780450820923 -0.25629299879074097 0.0
Dust 0.9803920388221741 0.9761347770690918 2.29487681388855 1.3283594846725464 -4.5439252853393555 -1.1521600484848022 0.0
Dust 0.03782296180725098 0.18214988708496094 0.06633800268173218 0.4163370132446289 -5.967749118804932 -1.2336724996566772 0.0