Car 2.4532910412063793 2.210707504994697 5.912280359621584 3.5885303846164334 -2.6409938510851134 -0.4241502595462798 -0.8849584949491895
Truck 0.5567204150116717 0.5009450731439601 0.4807254974286005 0.3190774085618657 -2.0821223473390464 0.030055435370238893 -0.9457214333387385
Obstacle 1.8486153155985119 0.8184916826287598 1.234508065920598 9.98889951176994 3.2363437672389974 -0.17328067930651891 -1.1706427761483755
Engineering 2.625350814743232 2.8396077582428663 3.530113173051821 5.926353499163439 -14.145538556952696 -2.0702946873091697 -1.900878045548801
Obstacle 2.7705127973887502 4.162992162544091 2.5530484044745627 4.180691548839367 -27.973733204070637 -2.154279791185836 -1.4809810290722862
Stone 0.9098701417248637 0.6705095808824123 0.6526725341350047 0.5329562813658413 -18.110094503192045 -2.5547375535689794 -1.5511743747035043
Dust 1.9894295951641983 0.7293740653239835 2.2554830980793796 1.78893344895539 -2.6082829488539803 -0.3364056697013057 -0.8885769623773828
Dust 1.1220206622875146 1.2773045800274274 0.5691832414028961 2.177595163817173 0.17761016425317008 -0.7060983682552764 -0.8609796492167313
Dust 2.4947995848115077 0.7931341620538365 2.2846726341556476 3.6454979422740346 -0.44818122644718256 -0.043288724311143195 -0.8821216392486019
Dust 2.8764871060848236 7.167361617088318 3.980140110710636 1.9889090553624555 2.4594789147377014 -0.4564255028963089 0.0
Dust 2.293095111846924 1.904849886894226 2.6335270404815674 1.5734905004501343 -2.802377939224243 -0.2212424874305725 0.0