Truck 2.35658557086585 2.2634479722341783 5.491131147041443 8.744909147176328 4.1769487697863825 0.3696891879925215 0.7851206332217554
Truck 1.8573746840073309 1.7685981498773353 3.979816576771039 20.609142796746255 4.308708879651022 -0.7489841878809596 -0.0964340815708136
Obstacle 2.2314368926813737 1.8114899256959558 1.4051216453820554 2.3704289022248304 10.403286730673244 0.6341155646849357 -1.5446163880149815
Obstacle 1.3300425205214537 1.5527203795894093 2.4865364360704603 8.542937795493344 -5.366124757770876 -1.082746463421416 0.445058959258554
Obstacle 1.3784774578381775 1.1153990505872275 1.541912347763712 12.764446984255747 0.40719865632637503 -0.7593604998708283 -1.1257373675363427
Obstacle 1.6718560063785115 1.3310365203275922 1.0968546784384894 24.78676670499135 2.4783828676802386 -0.33820864794651206 -0.18325957145940475
Obstacle 3.5284097391335374 3.0440748546479406 3.3630137965909794 27.87590113113356 20.36251662580935 -0.4807995182828986 -0.7592182246175332
Obstacle 5.713198707714901 3.2564311327348388 5.033846764251998 41.10164213649092 18.21632344450036 3.253294708130082 0.9162978572970231
Obstacle 2.629177628288239 2.1168478616204673 1.069302169184225 19.62509957520768 -10.509274639532006 -1.8314527184569147 -0.2879793265790643
Stone 1.0635771586581115 2.9893467767169164 2.86397464235707 2.360458962865006 30.53483997615624 0.12800891595522412 0.5556128085362406
Obstacle 1.5600612792446675 1.114360610770905 0.9507427283774921 0.5038413705342464 -20.740273224720568 -2.5913533221650225 0.46678594432212145
Stone 1.4614117204766455 1.4761524163985937 1.2780218182319982 25.278990876061147 30.993316905338624 -1.2884012323346676 0.29123012529679854
Stone 1.255378603507971 0.9660727132792886 1.093244983612147 31.653464261662975 25.24143454099135 -1.6385672159719282 1.7540558982543015
Obstacle 3.406440937907781 4.6706266763287685 4.441004432225462 34.14632847070696 8.019361165608343 0.07956473571714473 2.748893571891069
Dust 2.1190218925476074 8.550613403320312 4.093861103057861 2.095235586166382 -0.7546144723892212 -0.46952399611473083 0.0
Dust 0.011739253997802734 0.2621498107910156 0.0430450439453125 50.734397888183594 -28.250825881958008 -4.6424713134765625 0.0