Truck 4.659458920023136 4.234877343271979 9.607841272446171 66.54574990163435 -24.4254332128736 -6.4066818794153395 -0.7897614865274345
Truck 4.659458920023136 4.234877343271979 8.973582802137988 70.05589818912182 -20.794619890891056 -6.34468622332648 -0.8091060337064344
Truck 4.3158089123245365 4.588821431111486 8.973582802137988 73.8747025812247 -17.416690228310085 -6.623632792470038 -0.8284385203623245
Truck 4.284509847174864 3.9418409339166587 8.973582802137988 77.70692592741416 -14.999269741720884 -6.645279905192099 -0.8447393579652558
Truck 4.659458920023136 4.234877343271979 8.973582802137988 80.66275994984801 -11.565452037293552 -6.679105779906437 -0.84648468721725
Obstacle 2.4111760173477177 2.66449348408642 1.0331030789048241 20.471743796792026 -47.55055032212762 0.6216835919709776 1.0278818611402696
Obstacle 2.2662637650213755 2.1618601001196867 2.370275719806446 9.285992442251413 -46.98243140098714 1.8893925946627492 1.2299117072647552
Obstacle 3.9157881325498094 1.0009535965138139 1.166320578697397 15.458265664197363 -45.397521714775486 1.991190964806839 1.297655173572456
Dust 0.09765699505805969 0.141166090965271 0.17782500386238098 0.28928351402282715 -1.4289450645446777 0.10027550160884857 0.0
Dust 0.3568459749221802 0.6581168174743652 0.7784750163555145 0.40643151104450226 2.647413492202759 -1.1193690299987793 0.0
Dust 0.028701990842819214 0.19049394130706787 0.00032000005012378097 -0.0009929999941959977 1.5710339546203613 0.34460097551345825 0.0