Truck 4.659458920023136 4.234877343271979 9.607841272446171 68.15276015537506 -8.024917665326264 -4.968660796587093 -0.6763150851478034
Truck 4.659458920023136 4.234877343271979 8.973582802137988 72.10588699855474 -5.323403078882886 -4.884944307382084 -0.6827155883439063
Truck 4.3158089123245365 4.588821431111486 8.973582802137988 75.25251029003189 -1.05996737071516 -5.361997869162387 -0.6925826289977808
Truck 4.284509847174864 3.9418409339166587 8.973582802137988 77.72911003566082 2.674507333048041 -5.494889011225645 -0.6940592658764124
Truck 4.659458920023136 4.234877343271979 8.973582802137988 80.60907454570055 6.28847435802933 -5.134129617476465 -0.6850417314077744
Obstacle 2.4111760173477177 2.66449348408642 1.0331030789048241 25.254307422428155 -37.243519163333985 -0.8034155346463733 1.0366085074002414
Obstacle 2.2662637650213755 2.1618601001196867 2.370275719806446 13.63201004169088 -37.977704078330696 -0.14900680739891609 1.3159055339515588
Obstacle 3.9157881325498094 1.0009535965138139 1.166320578697397 20.07978117507224 -36.063291286325175 1.1018336896990297 1.297655173572456
Truck 5.214445894660446 4.795516422750924 8.231662448365466 97.81250231199066 -14.842775348325954 -6.097493937601062 -0.08299247769152021
Truck 5.214445894660446 4.359139242323109 8.231662448365466 97.07368203428308 -19.96311877257484 -6.374710616649626 -0.080083595604863
Dust 0.02399599552154541 0.0245969295501709 0.012285001575946808 0.05518750101327896 -2.0133004188537598 -0.18151900172233582 0.0
Dust 0.17490804195404053 0.3586587905883789 0.07122799754142761 0.21947099268436432 6.410449504852295 -1.209583044052124 0.0
Dust 0.510450005531311 0.4403047561645508 0.03272400051355362 0.04067299887537956 3.8430604934692383 -1.2151200771331787 0.0
Dust 0.03353199362754822 0.1700049638748169 0.0003320000250823796 -0.0009970000246539712 1.5767204761505127 0.3461040258407593 0.0