Dust 0.29394746320284654 0.3235438744940269 0.22741218493052462 0.058457554267079104 -2.3220316995580106 -0.15794793118701567 0.06588335543146949
Dust 1.0490422139651858 0.42451247622104515 0.22741218493052462 0.11687279118450533 -3.716954872093993 -1.2921056257889618 0.06588335543146949
Dust 0.09964299947023392 0.023778915405273438 0.001699000597000122 0.04922350123524666 -2.3279025554656982 -0.17178450524806976 0.0
Dust 0.9857910871505737 1.843430995941162 0.8440728187561035 5.805065155029297 1.175889492034912 -1.152361512184143 0.0
Dust 0.9404760003089905 0.5670280456542969 0.7860169410705566 3.603198528289795 -12.09537410736084 -1.2499480247497559 0.0
Dust 0.06088000535964966 0.13916993141174316 0.09321701526641846 1.4395604133605957 -1.9395619630813599 -0.8719370365142822 0.0
Dust 1.355143996886909 2.081844925880432 1.3534247875213623 3.3490352630615234 3.3721733689308167 -0.6819059983827174 0.0
Dust 1.3537320643663406 1.3237810134887695 0.9178745746612549 4.748517155647278 7.333629608154297 -0.4379560276865959 0.0
Dust 0.6054839491844177 0.3757743835449219 0.1893010139465332 4.950448036193848 -10.769843101501465 -1.0210429430007935 0.0
Dust 1.4735280126333237 0.5380868911743164 0.7559767961502075 2.9822824597358704 6.21924352645874 -0.5467250123620033 0.0
Dust 0.3456120491027832 0.06604790687561035 0.009790003299713135 0.10343199968338013 -3.6469178199768066 -1.2287880182266235 0.0
Dust 0.01820904016494751 0.08399796485900879 0.09340691566467285 3.311704635620117 -2.2752652168273926 -0.5857194662094116 0.0
Dust 0.011600017547607422 0.10945892333984375 0.028527021408081055 3.2139196395874023 7.487546443939209 0.8463180065155029 0.0