Truck 5.473284858702696 4.723452145168863 11.492810915589997 0.9125552103400429 -27.361884622126794 1.1311796448034426 1.3679841085235445
Obstacle 4.240432210355987 1.1498813891033324 1.6639986432052691 9.542015462545605 -17.41977832298387 3.026159499098686 0.4974188368183839
Obstacle 3.894801901284656 2.66450176899074 1.6419690480672282 10.413264405932168 -14.947137039676356 2.2935452432848376 -2.958333082130389
Obstacle 1.6421015777351478 0.8257879120544401 2.848997555474801 9.933939312599351 -8.629197478357476 0.45723062477870235 0.811578102177363
Obstacle 3.7570666067740217 1.0676349418917739 1.0891536998042715 10.167202844751955 9.531368495916013 2.1617520478479575 2.17293491873294
Obstacle 6.488101026911931 1.8505851717265582 2.808951822822615 1.639153540220832 41.56287485503867 3.6693059152469933 -0.8611946079263806
Truck 5.577139668061429 4.55331176267863 12.027058964938108 3.8704171023920724 14.85901482271891 2.1897443723867265 1.6375410501264538
Dust 1.8895649909973145 8.330205976963043 4.437192916870117 3.99710750579834 0.6919160783290863 0.4815695285797119 0.0
Dust 0.07843898236751556 0.6770009994506836 0.46538496017456055 6.408989906311035 6.437591552734375 0.2589854896068573 0.0
Dust 0.005324989557266235 0.12217330932617188 0.10418224334716797 5.475555896759033 8.480766296386719 0.34240448474884033 0.0
Dust 0.48228299617767334 1.7171916961669922 1.8774958848953247 2.8635640144348145 8.300211906433105 -0.1385435163974762 0.0
Dust 0.8408290222287178 1.447295904159546 1.1855299472808838 3.6662710905075073 -5.525007128715515 0.037489499896764755 0.0
Dust 0.10569900274276733 0.2964291572570801 0.1656050682067871 3.4532384872436523 6.088286399841309 -0.18482549488544464 0.0