Truck 4.659458920023136 4.234877343271979 9.607841272446171 66.41229738978893 31.343431363460166 -5.537899230407961 -0.4537856055185274
Truck 4.659458920023136 4.234877343271979 8.973582802137988 70.04246171259807 35.15654296387069 -5.4596947751782885 -0.4586459317806567
Truck 4.3158089123245365 4.588821431111486 8.973582802137988 71.65628807776922 39.641682581759895 -5.175147167062417 -0.4510188586219386
Truck 4.284509847174864 3.9418409339166587 8.973582802137988 73.56793155740823 43.65604282971714 -5.0873128014968305 -0.4641121369261607
Truck 4.659458920023136 4.234877343271979 8.973582802137988 75.17935078760144 47.639449191821086 -4.777087901641983 -0.46105781073516944
Obstacle 2.4111760173477177 2.66449348408642 1.0331030789048241 30.319662011415176 -7.1569274962910185 -1.0084571987770579 1.2569563254645235
Obstacle 2.2662637650213755 2.1618601001196867 2.370275719806446 19.54633679063804 -10.099083311187998 -1.020505697267943 1.4398966328953222
Obstacle 3.9157881325498094 1.0009535965138139 1.166320578697397 25.486056170372276 -6.668923579358651 0.2351204980133934 1.297655173572456
Truck 5.214445894660446 4.795516422750924 8.231662448365466 97.21121820087879 32.04207659136848 -7.176099009703672 0.11117540159284908
Truck 5.214445894660446 4.359139242323109 8.231662448365466 96.5619674396328 26.357988464768695 -7.988461719454927 0.1308103556777853
Dust 0.13493499159812927 0.03571486473083496 0.1106639951467514 0.10893800109624863 -2.0182833671569824 -0.1260794997215271 0.0