Truck 2.35658557086585 2.2634479722341783 5.491131147041443 7.549060390167824 4.300910785520955 -0.28772979238307433 0.9028359265705738
Truck 1.8573746840073309 1.7685981498773353 3.979816576771039 19.381161659885265 5.433496980242126 -1.168869761910696 0.12759940745506645
Obstacle 2.2314368926813737 1.8114899256959558 1.4051216453820554 0.7030525981101619 9.848125925308523 0.6341155646849357 -1.5446163880149815
Obstacle 1.3300425205214537 1.5527203795894093 2.4865364360704603 8.703201921008485 -5.25532944844872 -1.2870092006236247 0.445058959258554
Obstacle 1.3784774578381775 1.1153990505872275 1.541912347763712 12.095357328189547 0.8963335339293893 -1.0690739875560111 -1.1257373675363427
Obstacle 1.6718560063785115 1.3310365203275922 1.0968546784384894 23.717161665145568 4.662249300304666 -0.47993857695148284 -0.18325957145940475
Obstacle 3.5284097391335374 4.060234677831448 3.758187061162343 25.200943434894725 22.035520592885405 -0.635960945452394 -0.7592182246175332
Obstacle 5.713198707714901 3.2564311327348388 5.033846764251998 38.93955405352608 23.08423331791255 2.20884470237437 0.9162978572970231
Obstacle 2.629177628288239 2.1168478616204673 1.069302169184225 20.171617730891285 -8.981968626159869 -1.8314527184569147 -0.2879793265790643
Obstacle 3.406440937907781 4.6706266763287685 4.441004432225462 31.844473895917872 8.414824772813063 -0.8401292705969656 2.748893571891069
Dust 2.508307933807373 8.55566143989563 5.757492780685425 2.895960211753845 0.035166144371032715 -0.5288829803466797 0.0
Dust 0.6615869998931885 0.4043598175048828 0.2904069423675537 2.793548583984375 -5.266901969909668 0.17314350605010986 0.0