Car 2.4532910412063793 2.503111386918115 5.912280359621584 3.7266153360697984 -1.8502464426374876 -0.33388746372897754 -0.8687250903001608
Truck 0.3035266511799831 0.3813588647234939 0.24787975896240202 0.12142493757647196 -2.0989862247697104 0.17306212043152763 -0.6657589151469435
Obstacle 1.8486153155985119 0.8184916826287598 1.234508065920598 9.964493608970173 3.909129742620536 -0.17328067930651891 -1.2011860380582762
Engineering 2.5620045484357545 2.363582610514698 3.353464874251488 5.891371515438095 -13.477766863910983 -2.1019678204629084 -1.9226946611987286
Obstacle 2.832399252023562 4.153754024289799 2.569715857580353 4.31533648954246 -27.360467514838785 -2.2411697781648723 -1.484883818388972
Stone 1.0298530175567138 0.6705095808824123 0.6526725341350047 0.4818011874494914 -17.48538134053527 -2.496588349739983 -1.5233011920944002
Dust 2.0928842394100777 0.8164353919723868 2.0152653954463284 2.019698474247103 -2.3100128678911367 -0.2880591375351227 -0.8807351010854362
Dust 1.003544930930238 1.5052351423978507 0.5981758669954309 1.9081615112553012 0.7537247172613646 -0.6188307373767872 -0.840065608379266
Dust 2.487441122531891 5.259493112564087 5.5401596433948725 2.768912821658887 2.1322375535964966 -0.0926465094089508 0.0
Dust 0.9008030295372009 1.3654520511627197 2.04673433303833 8.346312522888184 0.17144200205802917 0.22720250487327576 0.0
Dust 2.3727588653564453 2.2275538444519043 3.413206100463867 2.0053999423980713 -2.603347063064575 -0.15379947423934937 0.0
Dust 6.300210952758789e-05 0.022967100143432617 0.0201263427734375 6.605216026306152 2.4165196418762207 -0.05125650018453598 0.0