Truck 4.659458920023136 4.234877343271979 9.607841272446171 67.69093800535263 21.776982083442785 -4.134623551721479 -0.5061454830783572
Truck 4.659458920023136 4.234877343271979 8.973582802137988 70.95543809486567 25.619251941584555 -3.656502221021383 -0.5021257687847764
Truck 4.3158089123245365 4.588821431111486 8.973582802137988 73.18028435439818 30.003929739407667 -3.274586151887718 -0.5190456166933741
Truck 4.284509847174864 3.9418409339166587 8.973582802137988 75.66410714725893 33.61603613736823 -2.7763675131931858 -0.504327431774196
Truck 4.659458920023136 4.234877343271979 8.973582802137988 77.54946579865613 37.53865223589216 -2.1326467931693998 -0.5032366009916988
Obstacle 2.4111760173477177 2.66449348408642 1.0331030789048241 29.66401355472807 -14.863010966255949 -0.698158061807292 1.206778109469687
Obstacle 2.2662637650213755 2.1618601001196867 2.370275719806446 18.82385137261865 -17.189102326553268 -1.2483918172518575 1.4398966328953222
Obstacle 3.9157881325498094 1.0009535965138139 1.166320578697397 24.793495104218376 -14.190919824626622 0.6620955999700446 1.297655173572456
Truck 5.214445894660446 4.795516422750924 8.231662448365466 98.73995206586778 20.40281890099914 -5.419615971295204 0.0697238318579836
Truck 5.214445894660446 4.359139242323109 8.231662448365466 98.1174270211819 15.319865528410745 -5.211038135508786 0.06826939081465505
Dust 0.0019060075283050537 0.02079606056213379 0.01693899929523468 0.053229499608278275 -2.0175328254699707 -0.1927890032529831 0.0