Truck 4.833563172178193 4.603068698139202 9.94335006942522 20.183815816068744 -65.88837413592671 5.447096946497782 -0.8659207919407805
Truck 5.351740349748674 4.890101350797763 9.334376651873772 4.8987293530750735 -24.908329277680696 1.3042807799941198 -1.4870509461760266
Truck 4.700144671928327 4.42374289606004 10.318559557852888 5.248529348210997 16.376961101015684 2.369204768305739 -1.5184364492350677
Truck 4.700144671928327 4.42374289606004 10.318559557852888 1.9027514970660302 61.66506877906876 3.7203950448448193 -1.6020634363425024
Truck 5.078035039045905 4.42374289606004 10.318559557852888 29.35659980206147 -62.75662531981909 7.138732198395294 2.4070138403545345
Dust 1.8493880033493042 4.9412336349487305 3.1401188373565674 4.2093974351882935 -1.3770719766616821 0.18300002813339233 0.0
Dust 0.5917999744415283 3.1802473068237305 1.2342581748962402 6.409690856933594 -15.066328048706055 0.0696289986371994 0.0
Dust 0.4967099726200104 0.7115516662597656 0.5483059883117676 7.465688705444336 -8.95746898651123 0.45993900299072266 0.0
Dust 0.9283080101013184 0.14121699333190918 0.2352161407470703 27.020538330078125 -1.315184473991394 6.259828567504883 0.0
Dust 0.8155220150947571 0.27732276916503906 0.3141345977783203 7.051074504852295 -7.415958404541016 0.2305389940738678 0.0
Dust 0.11011599749326706 0.2869133949279785 0.4081230163574219 4.6865925788879395 -4.761903762817383 -0.1730559915304184 0.0