Truck 2.35658557086585 2.2634479722341783 5.491131147041443 8.752919967707586 4.337992425100011 0.022250585647037358 0.7657183203037743
Truck 1.8573746840073309 1.7685981498773353 3.979816576771039 20.863584519935557 4.104265282098368 -0.4021221919433512 -0.12616460418938538
Obstacle 2.2314368926813737 1.8114899256959558 1.4051216453820554 2.6174002148210427 10.508119098294616 0.6341155646849357 -1.5446163880149815
Obstacle 1.3300425205214537 1.5527203795894093 2.4865364360704603 8.490862734125477 -5.321872086432474 -0.9847003495643553 0.445058959258554
Obstacle 1.3784774578381775 1.1153990505872275 1.541912347763712 12.88441763495598 0.2869766223479928 -0.6546686167096397 -1.1257373675363427
Obstacle 1.6718560063785115 1.3310365203275922 1.0968546784384894 24.931377610994332 2.0722975214807775 -0.33820864794651206 -0.18325957145940475
Obstacle 3.5284097391335374 3.0440748546479406 3.3630137965909794 28.21257783586924 20.029124154271923 -0.5173637862872158 -0.7592182246175332
Obstacle 5.713198707714901 3.2564311327348388 5.033846764251998 41.691662732275745 17.082685178571865 3.518029334028766 0.9162978572970231
Obstacle 2.629177628288239 2.1168478616204673 1.069302169184225 19.532589970764775 -10.702441195312986 -1.8314527184569147 -0.2879793265790643
Stone 1.0635771586581115 2.9893467767169164 2.86397464235707 3.0833464290683414 30.135320741261836 0.1953222495864751 0.5556128085362406
Stone 1.4614117204766455 1.4761524163985937 1.2780218182319982 25.708738977154688 30.76224402735066 -1.2884012323346676 0.29123012529679854
Stone 1.255378603507971 0.9660727132792886 1.093244983612147 32.03357681376083 24.814307069747244 -1.4948122405996103 1.7540558982543015
Obstacle 3.406440937907781 4.6706266763287685 4.441004432225462 34.66514192138759 7.157136742645294 0.467217328822239 2.748893571891069
Dust 1.8478829860687256 5.709524154663086 4.880894934758544 2.4888914646580815 0.05717194080352783 -0.47265148162841797 0.0
Dust 1.13121497631073 1.142928123474121 1.4848270416259766 0.8748824596405029 -4.122002124786377 -0.40369051694869995 0.0