Truck 2.35658557086585 2.2634479722341783 5.491131147041443 3.7534492301084383 3.0660290839868845 -1.0573062965783209 1.3088116512740529
Obstacle 1.3300425205214537 1.5527203795894093 2.4865364360704603 8.589149523327258 -5.187948503748669 -1.192069998036286 0.445058959258554
Obstacle 1.3784774578381775 1.1153990505872275 1.541912347763712 9.438573431516943 2.2238419657819577 -1.43216443405578 -1.1257373675363427
Obstacle 1.6718560063785115 1.3310365203275922 1.0968546784384894 18.453005704316638 9.913625265712199 -2.0443468576232893 -0.18325957145940475
Obstacle 4.12289583049111 5.051574289337485 4.792207464542015 14.46173570793917 25.287109162054094 -2.557026778367935 -0.7592182246175332
Obstacle 5.713198707714901 3.2564311327348388 5.033846764251998 25.11012511611534 32.30597665251571 1.7357580957989123 0.9162978572970231
Obstacle 2.629177628288239 2.1168478616204673 1.069302169184225 20.62799450902617 -4.118566515930224 -1.8314527184569147 -0.2879793265790643
Stone 0.6615664809372536 0.6900559130598504 0.8332810428946836 10.550699456684924 -3.390221703572024 -1.7196778133796398 0.8287424104278958
Dust 2.0304839611053467 4.5306220054626465 6.6556429620832205 3.3761174799874425 -1.2431020736694336 -0.8604519963264465 0.0
Dust 1.5783320665359497 1.8250246047973633 1.415369987487793 0.8376500606536865 -5.1097023487091064 -1.1257960796356201 0.0
Dust 1.9425668716430664 2.754077672958374 2.3746161460876465 1.2362630367279053 3.125207781791687 -0.2979014813899994 0.0