Truck 2.35658557086585 2.2634479722341783 5.491131147041443 10.19236939923703 3.8267762211531866 0.3696891879925215 0.6021385919380436
Truck 1.8573746840073309 1.7685981498773353 3.979816576771039 21.977491954820106 1.5970174711361775 -0.05526019600574289 -0.33427826251938775
Obstacle 2.2314368926813737 1.8114899256959558 1.4051216453820554 5.247303124459683 10.728074470983833 0.6341155646849357 -1.5446163880149815
Obstacle 1.3300425205214537 1.3321306512532738 1.887792887729521 8.561957932721239 -5.614312882935683 -0.9847003495643553 0.445058959258554
Obstacle 1.3784774578381775 1.1153990505872275 1.541912347763712 13.536354687914107 -0.6859328355618957 -0.3405929672260741 -1.1257373675363427
Obstacle 1.6718560063785115 1.3310365203275922 1.0968546784384894 25.677365151115072 -0.6055121421759432 -0.33820864794651206 -0.18325957145940475
Obstacle 2.0647944370292284 1.7856875248340924 1.2577563273075705 31.96227568488047 16.8389727467578 -0.03020208945904454 -0.7592182246175332
Obstacle 4.735717012088991 2.83751040603802 5.033846764251998 44.399148561279034 10.857861038367801 4.955160160335907 0.9162978572970231
Obstacle 2.629177628288239 2.1168478616204673 1.069302169184225 18.779307839402065 -12.411494607999245 -1.8314527184569147 -0.2879793265790643
Stone 1.0635771586581115 2.907024592461406 1.793786247035436 8.433985974725099 30.995900120814788 0.5217919176980423 0.5556128085362406
Obstacle 3.406440937907781 4.6706266763287685 4.441004432225462 35.74119074049114 1.9225376846214894 1.5721056913565967 2.748893571891069
Dust 0.002176046371459961 0.0039789676666259766 0.009668946266174316 0.9991495013237 -3.8756322860717773 -1.4752110242843628 0.0
Dust 0.0033690333366394043 0.011705160140991211 0.015606045722961426 0.7944329977035522 -2.662449359893799 -0.6263295412063599 0.0
Dust 0.4777039885520935 0.3885040283203125 0.7844079732894897 2.3668949604034424 -2.9475409984588623 -1.0584709644317627 0.0
Dust 0.07988899946212769 0.4725840091705322 0.20042407512664795 1.8811640739440918 -1.3144129514694214 -0.859345555305481 0.0