Truck 2.35658557086585 2.2634479722341783 5.491131147041443 3.499131799598596 2.3736602949966255 -1.1334480867084087 1.3516193526223776
Obstacle 1.3300425205214537 1.5527203795894093 2.4865364360704603 8.553803425136286 -5.794252754075486 -0.9646297462563271 0.445058959258554
Obstacle 1.3784774578381775 1.1153990505872275 1.541912347763712 9.068607242516919 0.9433147363911303 -1.3032329093342903 -1.1257373675363427
Obstacle 4.12289583049111 5.051574289337485 4.792207464542015 9.923628822700802 25.916367607755546 -4.784613779639518 -0.7592182246175332
Obstacle 7.641656573178418 5.189637860836756 6.674698051819427 24.499847642700615 30.881448746895785 -0.4345143580904347 0.9162978572970231
Obstacle 2.629177628288239 2.1168478616204673 1.069302169184225 20.597990763280677 -4.284009331126981 -1.8314527184569147 -0.2879793265790643
Stone 0.6615664809372536 0.6900559130598504 0.8332810428946836 10.434670751548083 -3.96384165641075 -1.7196778133796398 0.8287424104278958
Stone 0.6500353000912797 0.9995130814062986 1.9437128809873137 4.377611700515477 33.42539705176411 -5.938280403695815 2.644173816771409
Dust 1.9005199670791626 5.653365880250931 4.872241020202637 2.4845465421676636 -3.326881989836693 -1.072354018688202 0.0
Dust 0.8559470176696777 1.2298901081085205 0.8721349835395813 0.4523315131664276 2.745698928833008 -0.6309105157852173 0.0
Dust 0.22118401527404785 0.3521089553833008 0.386011004447937 1.30592942237854 4.303726673126221 -0.7721909880638123 0.0
Dust 0.07194101810455322 0.1271219253540039 0.13016390800476074 2.1001968383789062 2.2192540168762207 -1.2041513919830322 0.0