Car 2.4532910412063793 2.503111386918115 5.912280359621584 3.7356479647770895 -1.9414955444713895 -0.3699925820558984 -0.8961624031837042
Truck 0.5984260264765864 0.4516176465434969 0.4537420894671419 0.21503209991485922 -2.1152211509327787 0.027796565546895552 -0.7777439224236615
Obstacle 1.8486153155985119 0.8184916826287598 1.234508065920598 9.955082296052751 3.7023007456773485 -0.17328067930651891 -1.0944300654779566
Engineering 2.5620045484357545 2.363582610514698 3.353464874251488 5.996513268650347 -13.60277490114504 -2.1019678204629084 -1.891278734662831
Obstacle 2.832399252023562 4.153754024289799 2.569715857580353 4.40935758225487 -27.432185835389646 -2.220575779633376 -1.4903040196702753
Stone 1.0598487365146765 0.6705095808824123 0.6526725341350047 0.5214693425458454 -17.587151136103916 -2.4957319044024153 -1.5160289868777568
Dust 2.099066726787766 0.8090057169732257 2.161461226167991 2.0191165152028074 -2.423964086495775 -0.2948106004064439 -0.8626515507800505
Dust 1.3801807794688128 1.3992279977380455 0.5865788167584169 1.996906436932479 0.6703080709839057 -0.48911501173035077 -0.8670813144355631
Dust 1.877501631752846 0.7931341620538365 2.2846726341556476 3.5793638548225317 0.18931652875835425 0.2233779494093963 -0.8796289537604137
Dust 2.2522311210632324 4.537798285484314 4.154161155951442 2.075913577908068 1.8068570494651794 -0.12235444784164429 0.0
Dust 2.4008779525756836 2.668304204940796 2.9496679306030273 1.6600699424743652 -2.864665985107422 -0.19501197338104248 0.0