Car 3.763682264582365 2.728944972452017 5.324537511711592 2.9870332412698537 -2.933862003684298 -0.14864639754519698 0.7592182246175334
Obstacle 0.8064372919631252 0.5400384238763871 0.5088843923913231 11.838899059071537 -42.96198334835617 -2.124609901742487 -0.43345192152144296
Dust 0.8031959533691406 1.5117270350456238 1.5154017210006714 2.8056660294532776 0.058137521147727966 -0.9852659702301025 0.0
Dust 0.0014740079641342163 0.016668081283569336 0.012765999883413315 0.028557000681757927 -2.010362148284912 -0.1744149923324585 0.0
Dust 2.1849489733576775 1.3663957118988037 0.6931420564651489 0.7869740128517151 -5.3586732149124146 -0.7245544828474522 0.0
Dust 0.15132001042366028 0.45780277252197266 0.3734619617462158 2.925051212310791 -5.164700508117676 -0.3331180214881897 0.0
Dust 1.4011930152773857 2.413473129272461 2.2377010583877563 4.045613467693329 2.927836537361145 -0.9435434974730015 0.0
Dust 0.9231520295143127 2.9777573347091675 1.2412240505218506 1.2757020592689514 3.972522556781769 -1.1372990012168884 0.0
Dust 0.0013099908828735352 0.009850502014160156 0.024471044540405273 1.5779005289077759 10.780450820922852 -0.9205859899520874 0.0
Dust 0.7348899841308594 0.7943611145019531 0.6551679968833923 0.45304498076438904 11.426671028137207 -1.197301983833313 0.0
Dust 0.10345292091369629 0.2769339978694916 0.3223891258239746 4.824493408203125 -0.002110004425048828 -1.633818507194519 0.0
Dust 0.03998100757598877 0.21504783630371094 0.14141598343849182 0.16607800126075745 8.429375648498535 -1.5452544689178467 0.0