Truck 2.35658557086585 2.2634479722341783 5.491131147041443 9.470439327127837 4.099789445908527 0.23071374705432784 0.7075113815498305
Truck 1.8573746840073309 1.7685981498773353 3.979816576771039 21.40451481368992 3.132220280075785 -0.05526019600574289 -0.21535617204510063
Obstacle 2.2314368926813737 1.8114899256959558 1.4051216453820554 3.872646698165738 10.654305590279591 0.6341155646849357 -1.5446163880149815
Obstacle 1.3300425205214537 1.5527203795894093 2.4865364360704603 8.637773030908761 -5.353875788589562 -0.9847003495643553 0.445058959258554
Obstacle 1.3784774578381775 1.1153990505872275 1.541912347763712 13.244329587056939 -0.0736894795866413 -0.3405929672260741 -1.1257373675363427
Obstacle 1.6718560063785115 1.3310365203275922 1.0968546784384894 25.365210329003958 0.8540414828819394 -0.33820864794651206 -0.18325957145940475
Obstacle 2.796602088081383 2.976333153894186 2.8510425089115863 29.891052814677483 18.483062115723214 -0.3961059149851218 -0.7592182246175332
Obstacle 5.387371475839598 3.116790890502566 5.033846764251998 43.09269936387067 14.088733258282105 4.3500524439960575 0.9162978572970231
Obstacle 2.629177628288239 2.1168478616204673 1.069302169184225 19.255061157436938 -11.281940862656933 -1.8314527184569147 -0.2879793265790642
Stone 1.0635771586581115 2.907024592461406 1.793786247035436 5.182002079417817 31.23023638076188 0.3467772502567898 0.5556128085362406
Stone 1.4614117204766455 1.4761524163985937 1.2780218182319982 28.21608627315012 29.252091038727485 -0.8845190221127515 0.29123012529679854
Obstacle 3.406440937907781 4.6706266763287685 4.441004432225462 35.23008454353018 4.996444063088916 1.7478833853961535 2.748893571891069
Dust 0.7206450700759888 4.412670135498047 2.137472152709961 2.513546943664551 0.6390019655227661 -0.7821875214576721 0.0
Dust 1.4963330030441284 1.7547380924224854 2.2537670135498047 1.1754555702209473 -3.202090263366699 -0.771927535533905 0.0