Truck 0.22980872823290022 0.4588146056407343 0.25067304722363104 0.2365179845406635 -2.191440054774482 0.2208188253911425 -0.23185810817086983
Stone 0.338945979915791 0.6804393775057723 0.667773946426218 6.466782771521029 -5.34396140946377 -1.069436016160879 0.4428676701429304
Obstacle 1.796585985369496 0.9726274127401987 1.1597396724825646 6.666528474103748 -6.954014836791082 -0.16579515369649317 -1.7970476218394331
Stone 0.33149560961542945 0.42023147546626144 0.4637784300683353 5.921543107626954 0.0017719530455906352 -1.513348075347399 -2.1782665339957132
Dust 0.7256180047988892 2.434803009033203 1.050849199295044 3.680126667022705 1.1758015155792236 -1.5017099380493164 0.0
Dust 0.16471493244171143 0.31238794326782227 0.7199492454528809 5.35588264465332 6.679764747619629 -1.9828104972839355 0.0
Dust 0.2168140411376953 0.4122166633605957 0.8028500080108643 2.806760787963867 6.894449234008789 -1.6794660091400146 0.0
Dust 0.06609797477722168 0.15543603897094727 0.10527300089597702 0.07518349587917328 3.462017059326172 -1.4641540050506592 0.0
Dust 0.22980690002441406 0.5525157451629639 0.2325841188430786 2.1114470958709717 4.177641868591309 -1.6285744905471802 0.0
Dust 0.015281915664672852 0.042510986328125 0.03595614433288574 2.823315143585205 5.6736884117126465 -1.7995870113372803 0.0
Dust 0.043942004442214966 0.11835002899169922 0.0003530000103637576 -0.0009874999523162842 1.552448034286499 0.3412820100784302 0.0