Truck 2.35658557086585 2.2634479722341783 5.491131147041443 3.7146848278594007 2.9619493977993443 -1.0656975592510398 1.3135277233766431
Obstacle 1.3300425205214537 1.5527203795894093 2.4865364360704603 8.644316095103932 -5.379208614051095 -1.1667988589496239 0.445058959258554
Obstacle 1.3784774578381775 1.1153990505872275 1.541912347763712 9.362899865048803 2.0610369199498564 -1.406353362183308 -1.1257373675363427
Obstacle 1.6718560063785115 1.3310365203275922 1.0968546784384894 17.941009099251893 9.598889352117153 -2.12216673055317 -0.18325957145940475
Obstacle 4.12289583049111 5.051574289337485 4.792207464542015 13.95777026304495 25.357044566853347 -2.804702550443904 -0.7592182246175332
Obstacle 6.677427640446659 4.223034496785798 5.854272408035713 25.03394691344647 31.949774243147658 1.0534938015950717 0.9162978572970231
Obstacle 2.629177628288239 2.1168478616204673 1.069302169184225 20.624693619781283 -4.159789019657637 -1.8314527184569147 -0.2879793265790643
Stone 0.6615664809372536 0.6900559130598504 0.8332810428946836 10.485720442488969 -3.439284581119139 -1.7196778133796398 0.8287424104278958
Dust 1.7753339409828186 4.257368981838226 5.197746157646179 2.6476160883903503 -1.7308144867420197 -1.010562926530838 0.0
Dust 1.0931409001350403 0.8151917457580566 1.5142930746078491 0.8857495188713074 -5.264630317687988 -1.417370468378067 0.0
Dust 1.7891260385513306 2.4259719848632812 2.323561191558838 1.1750504970550537 2.6294729709625244 -0.4869830012321472 0.0