Truck 2.35658557086585 2.2634479722341783 5.491131147041443 9.709612446934557 4.020388452844696 0.3002014675234247 0.6881090686318492
Truck 1.8573746840073309 1.7685981498773353 3.979816576771039 21.547759098972506 2.74841957784085 -0.05526019600574289 -0.24508669466367242
Obstacle 2.2314368926813737 1.8114899256959558 1.4051216453820554 4.291062192613957 10.70303442094131 0.6341155646849357 -1.5446163880149815
Obstacle 1.3300425205214537 1.5527203795894093 2.4865364360704603 8.686743129836486 -5.3645436893086 -0.9847003495643553 0.445058959258554
Obstacle 1.3784774578381775 1.1153990505872275 1.541912347763712 13.317335862271193 -0.2267503185804287 -0.3405929672260741 -1.1257373675363427
Obstacle 1.6718560063785115 1.3310365203275922 1.0968546784384894 25.50982123500721 0.4479561366823297 -0.33820864794651206 -0.18325957145940475
Obstacle 2.430698262555306 2.942462303517309 2.59505686507189 30.526906820173622 18.041731160606822 -0.2131540022220832 -0.7592182246175332
Obstacle 5.061544243964295 2.977150648270293 5.033846764251998 43.31369480389674 13.362057869849927 4.652606302165982 0.9162978572970231
Obstacle 2.629177628288239 2.1168478616204673 1.069302169184225 19.136122827928148 -11.564329298992504 -1.8314527184569147 -0.2879793265790643
Stone 1.0635771586581115 2.907024592461406 1.793786247035436 5.879206077623962 31.358156487535126 0.3905309171171029 0.5556128085362406
Obstacle 3.406440937907781 4.6706266763287685 4.441004432225462 35.41839875091101 4.276213169903378 2.174772070920792 2.748893571891069
Dust 1.4611990340054035 6.443936049938202 3.526132008060813 1.8115900056436658 -1.5803419649600983 -0.8529415186494589 0.0