Truck 4.659458920023136 4.234877343271979 9.607841272446171 66.68127541576607 -19.89703855958416 -6.399984644945123 -0.7635815477475197
Truck 4.659458920023136 4.234877343271979 8.973582802137988 70.30278341892692 -16.12988260224868 -6.114375825279621 -0.7844291777722016
Truck 4.3158089123245365 4.588821431111486 8.973582802137988 74.6201848109827 -13.704469507194814 -6.216866259077733 -0.7758810180241669
Truck 4.284509847174864 3.9418409339166587 8.973582802137988 77.90310357615579 -10.67593110466527 -6.261816273869948 -0.7688175355035027
Truck 4.659458920023136 4.234877343271979 8.973582802137988 80.76941468881704 -7.285291079854839 -6.443681260964502 -0.767944870877505
Obstacle 2.4111760173477177 2.66449348408642 1.0331030789048241 21.15162221024753 -44.688308217433764 -0.36478336829919505 1.0278818611402696
Obstacle 2.2662637650213755 2.1618601001196867 2.370275719806446 9.686240113417284 -44.593775630892424 0.4946132955845937 1.2589096255661194
Obstacle 3.9157881325498094 1.0009535965138139 1.166320578697397 16.68078575945319 -43.11911246151998 1.0935714220878312 1.297655173572456
Truck 5.214445894660446 4.795516422750924 8.231662448365466 101.93193792620679 -30.776096458494813 -5.641229921818272 -0.18198537120307368
Dust 0.4805780053138733 0.6220200061798096 0.2816010117530823 0.19794049859046936 -1.6911970376968384 0.049070991575717926 0.0
Dust 0.9370130002498627 1.9085708856582642 0.8210049793124199 0.42414749041199684 4.313276469707489 -1.0328264981508255 0.0