Truck 4.659458920023136 4.234877343271979 9.607841272446171 68.92056529620854 3.3484499733123867 -4.240234019362983 -0.5868669609830943
Truck 4.659458920023136 4.234877343271979 8.973582802137988 72.5453946595257 6.734727826380125 -4.274446216633799 -0.6015880246965389
Truck 4.3158089123245365 4.588821431111486 8.973582802137988 75.18779864633733 11.29762864344995 -4.42445883298557 -0.5874676243214654
Truck 4.284509847174864 3.9418409339166587 8.973582802137988 77.6177732330594 15.007407255955503 -4.3423558623356024 -0.5873032932960928
Truck 4.659458920023136 4.234877343271979 8.973582802137988 79.97629514575458 19.085035592346628 -3.071907999321843 -0.5992297098513867
Obstacle 2.4111760173477177 2.66449348408642 1.0331030789048241 28.083953817987183 -29.355242521191947 -1.18014986880111 1.106421677480014
Obstacle 2.2662637650213755 2.1618601001196867 2.370275719806446 16.793579537245105 -30.980059096705112 -0.5825308963452778 1.3759012269888633
Obstacle 3.9157881325498094 1.0009535965138139 1.166320578697397 23.203480417568006 -28.470556154432167 0.060956975192472784 1.297655173572456
Truck 5.214445894660446 4.795516422750924 8.231662448365466 100.09136960334482 -0.3796943940620621 -5.211038135508786 0.021727277428139565
Truck 5.214445894660446 4.359139242323109 8.231662448365466 98.76565973137066 -5.427871991670763 -5.211038135508786 0.021727277428139565
Dust 0.0014519989490509033 0.01607489585876465 0.008779998868703842 0.0531499981880188 -2.008122444152832 -0.19183500111103058 0.0
Dust 0.25071197748184204 0.890404224395752 0.20832300186157227 0.11928850412368774 4.28179931640625 -0.8050910234451294 0.0