Truck 2.35658557086585 2.2634479722341783 5.491131147041443 4.002581073870715 3.240508277155641 -1.009207765066118 1.2808643224515228
Obstacle 1.3300425205214537 1.5527203795894093 2.4865364360704603 8.7675484511974 -4.958143423944875 -1.2526124145108959 0.445058959258554
Obstacle 1.3784774578381775 1.1153990505872275 1.541912347763712 9.608246129052077 2.1408188107066053 -1.4114448258968075 -1.1257373675363427
Obstacle 1.6718560063785115 1.3310365203275922 1.0968546784384894 18.848110194776538 9.598206484433032 -1.9664980995176604 -0.18325957145940475
Obstacle 4.12289583049111 5.051574289337485 4.792207464542015 14.965701152832981 25.217173757254653 -2.3093510062919655 -0.7592182246175332
Obstacle 5.713198707714901 3.2564311327348388 5.033846764251998 26.167977477955873 31.87752499042983 1.9357081560106286 0.9162978572970231
Obstacle 2.629177628288239 2.1168478616204673 1.069302169184225 20.613908532080586 -4.433931831587415 -1.8314527184569147 -0.2879793265790643
Obstacle 0.6081268787384033 0.6209894479077738 1.8898360628277313 28.82680920016102 16.825379176306072 -2.7066484689712524 -0.07853981633974527
Stone 0.6615664809372536 0.6900559130598504 0.8332810428946836 10.615678470880994 -3.341158826024639 -1.7196778133796398 0.8287424104278958
Dust 2.743345022201538 10.256869435310364 6.008705779910088 3.052613891661167 -0.9214250445365906 -0.6239214539527893 0.0
Dust 0.25581198930740356 0.4432290196418762 0.5030770301818848 7.135083198547363 -0.060508497059345245 -0.08569099754095078 0.0
Dust 0.3577060103416443 0.9434540271759033 0.5539617538452148 7.14200496673584 2.8788299560546875 -0.027625001966953278 0.0