Truck 0.302470140789451 0.46210787792627595 0.3942432015650914 0.2535360926945959 -2.2004681488999394 0.36740600709430704 -0.43247159774448657
Stone 0.338945979915791 0.6804393775057723 0.667773946426218 6.451063095711703 -5.358843816424482 -1.069436016160879 0.4428676701429304
Obstacle 1.8312722055221733 0.9907387167594047 1.1718138751620353 6.728567503645536 -6.913349526888851 -0.17371889778422328 -1.4858814246728786
Stone 0.33149560961542945 0.42023147546626144 0.4637784300683353 5.910201490965061 0.017667984502872557 -1.5076337896331131 -2.1782665339957132
Dust 1.128569021821022 1.8235517740249634 0.9894170165061951 0.5852925181388855 -3.9639689326286316 -0.6517715081572533 0.0
Dust 0.3085540533065796 0.5080550312995911 0.28072071075439453 8.29831314086914 1.1909395456314087 -1.3199560642242432 0.0
Dust 0.25418591499328613 0.9578220248222351 1.418159008026123 3.518925428390503 1.1761209964752197 -1.3331350088119507 0.0
Dust 0.1765660047531128 1.4821311235427856 1.5823199152946472 2.519253045320511 -2.116352617740631 -1.1537960171699524 0.0
Dust 0.44141995906829834 1.3272602558135986 1.240473985671997 2.662053108215332 3.3553991317749023 -1.5401110649108887 0.0
Dust 0.3828510046005249 1.699923038482666 0.6989479660987854 0.3761650025844574 4.965856552124023 -1.4653434753417969 0.0
Dust 0.03805398941040039 0.15427589416503906 0.14580583572387695 2.724745988845825 6.207859992980957 -1.711912989616394 0.0
Dust 0.0679669976234436 0.22065293788909912 0.029836999252438545 0.013757499866187572 1.496699571609497 0.35237449407577515 0.0