Truck 2.35658557086585 2.2634479722341783 5.491131147041443 7.947634303460745 4.267167850316946 -0.19153272935866839 0.863597495454301
Truck 1.8573746840073309 1.7685981498773353 3.979816576771039 19.777166233703113 5.087419987103683 -1.1300759860492529 0.022488008903473435
Obstacle 2.2314368926813737 1.8114899256959558 1.4051216453820554 1.2712145947175486 10.028257300405926 0.6341155646849357 -1.5446163880149815
Obstacle 1.3300425205214537 1.5527203795894093 2.4865364360704603 8.663675223697282 -5.323400656305353 -1.4013963334568624 0.445058959258554
Obstacle 1.3784774578381775 1.1153990505872275 1.541912347763712 12.318387213545066 0.7332885747284006 -0.9658361583276168 -1.1257373675363427
Obstacle 1.6718560063785115 1.3310365203275922 1.0968546784384894 24.07981121419334 3.9181631816133327 -0.5025332033145941 -0.18325957145940475
Obstacle 3.5284097391335374 3.38279479570911 3.494738218114767 26.310895156249444 21.58696955790974 -0.45939145799742925 -0.7592182246175332
Obstacle 5.713198707714901 3.2564311327348388 5.033846764251998 39.84247027114043 21.547098399471498 2.194356204535347 0.9162978572970231
Obstacle 2.629177628288239 2.1168478616204673 1.069302169184225 19.98944501233018 -9.491070630617262 -1.8314527184569147 -0.2879793265790643
Obstacle 2.702296971263487 1.661180116536222 0.9507427283774921 0.5874928041155316 -21.38164581900899 -2.0675109885458944 0.46678594432212145
Obstacle 3.406440937907781 4.6706266763287685 4.441004432225462 32.674751985741246 8.30454250586766 -0.6674904639509722 2.748893571891069
Dust 2.5835518836975098 10.100131273269653 4.584703838452697 2.340885919518769 -0.12800443172454834 -0.3074190020561218 0.0