Car 2.4532910412063793 2.1376065345138424 5.912280359621584 3.5723393500338805 -2.3730006502823744 -0.40609770038281934 -0.8886931310273611
Truck 0.683317296927516 0.46307928629114137 0.48321299375480603 0.1822652208466365 -2.167420095952564 0.0675350630851003 -0.8897289297003795
Obstacle 1.8486153155985119 0.8184916826287598 1.234508065920598 9.9854425365345 3.403720871135379 -0.17328067930651891 -1.237837952350157
Engineering 2.5936776815894933 2.601595184378782 3.4417890236516544 5.987718822209899 -13.905408738357437 -2.0861312538860393 -1.8882244084718416
Obstacle 2.832399252023562 4.153754024289799 2.569715857580353 4.183539696228397 -27.750426187013076 -2.1822792857767315 -1.4869975746916064
Stone 0.9098701417248637 0.6705095808824123 0.6526725341350047 0.5528657141221449 -17.85308266764 -2.58890301997914 -1.5087567816611136
Dust 2.0457937828204042 1.5963033830595794 2.2450211198041012 1.5540376681063064 -2.8016688113134935 -0.3056345189562175 -0.8800321212478273
Dust 1.2080740346812806 1.3179457192643003 0.5749817665214031 2.1999609736897954 0.47185518434797663 -0.6337705827469678 -0.8560322206150313
Dust 2.4947995848115077 0.7931341620538365 2.2846726341556476 3.5775125826213414 -0.20823272921179609 -0.1680287035517186 -0.8821216392486019
Dust 2.769980013370514 6.578497648239136 3.701457110408228 1.8495635552390013 2.5420068502426147 -0.48973003029823303 0.0
Dust 1.8100659847259521 1.9714070558547974 2.2354679107666016 1.5370290279388428 -2.654090642929077 -0.33649203181266785 0.0