Truck 4.659458920023136 4.234877343271979 9.607841272446171 67.57225107162158 -14.603939331289462 -6.049265994152707 -0.7461282552275764
Truck 4.659458920023136 4.234877343271979 8.973582802137988 70.83022413823085 -10.667689238925604 -5.930660016432994 -0.7597523218379688
Truck 4.3158089123245365 4.588821431111486 8.973582802137988 74.75880151006973 -7.925329939411395 -5.892770371946901 -0.7669567469858676
Truck 4.284509847174864 3.9418409339166587 8.973582802137988 77.55997816907805 -4.2871510316996435 -5.878352642547796 -0.7772532935548087
Truck 4.659458920023136 4.234877343271979 8.973582802137988 80.25050030268797 -0.601755824735674 -5.9740653612137615 -0.7853981633974483
Obstacle 2.4111760173477177 2.66449348408642 1.0331030789048241 23.389979569819978 -41.19565939408828 -1.3512503285693676 1.0278818611402696
Obstacle 2.2662637650213755 2.1618601001196867 2.370275719806446 11.499790215001601 -41.246500246532435 0.23048188408257722 1.2879075438674834
Obstacle 3.9157881325498094 1.0009535965138139 1.166320578697397 18.25478110760572 -39.58607448567057 0.8063748682994654 1.297655173572456
Truck 5.214445894660446 4.795516422750924 8.231662448365466 102.59030311853277 -23.106690075102627 -6.286517601282503 -0.13248892444729693
Truck 5.214445894660446 4.359139242323109 8.231662448365466 100.75302646729861 -28.321943114413877 -6.9565468572200455 -0.13098903212136426
Dust 0.16466599702835083 0.534295916557312 0.19165301322937012 0.1404455006122589 -1.7366249561309814 -0.10889700055122375 0.0
Dust 0.5194389820098877 0.6379718780517578 0.3770410120487213 0.20441950857639313 3.600857973098755 -1.2007884979248047 0.0
Dust 0.929317831993103 0.9613533020019531 0.5071679949760437 0.2793150246143341 6.374792575836182 -1.3285419940948486 0.0
Dust 0.032151997089385986 0.17637896537780762 0.00032900000223889947 -0.0009975000284612179 1.5776314735412598 0.346233993768692 0.0