Truck 5.014220491329279 4.6556659290677604 10.025171203237077 17.944165548022337 -39.88099614269557 3.721136035174685 -0.9229101198680557
Truck 5.344249871909683 5.096126083346031 10.135180996763879 6.080868092713321 -32.2714260220391 1.0537730381128037 -1.3963906090770188
Truck 5.61862237659909 4.6556659290677604 10.025171203237077 5.309326543984488 0.7836951168653224 2.1400391715191236 -1.547525270101635
Truck 5.014220491329279 4.6556659290677604 10.025171203237077 0.04040507204524868 48.5888478442281 3.959946992233465 -1.5962035937705457
Stone 0.5090301655541579 0.9083489584885418 1.8543075519753023 8.205788555270052 0.291232466029877 0.23503092652506027 -1.5279086493769556
Dust 1.394282994117894 1.2821831651927977 3.28693160408403 2.2665523065756843 -1.5005538741919389 0.13143859736450392 -1.5446163880149821
Dust 2.845395304074693 7.676880568136548 10.954091287569703 6.200687759552599 11.269927627802637 0.45404660267483404 -1.553343034274954
Dust 1.0117390155792236 2.847609043121338 1.16286301612854 2.336392402648926 -1.39754056930542 -0.03751750290393829 0.0
Dust 1.8890210315585136 5.846972227096558 4.476725816726685 5.571782946586609 8.684862971305847 1.1171975173056126 0.0
Dust 0.0782010555267334 1.2179880142211914 0.0567779541015625 9.423592567443848 13.36417007446289 1.363203525543213 0.0
Dust 0.04015505313873291 0.5889873504638672 0.0764017105102539 9.391948699951172 15.321791648864746 1.4901115894317627 0.0