Truck 2.35658557086585 2.2634479722341783 5.491131147041443 8.14692126010732 4.2502963827148506 -0.1434341978464654 0.8439782798961646
Truck 1.8573746840073309 1.7685981498773353 3.979816576771039 19.968035830519057 4.969002598277257 -1.209945524587518 -0.08028307901821752
Obstacle 2.2314368926813737 1.8114899256959558 1.4051216453820554 1.5552955930211283 10.11832298795457 0.6341155646849357 -1.5446163880149815
Obstacle 1.3300425205214537 1.5527203795894093 2.4865364360704603 8.64078776808492 -5.3523929139066695 -1.327861748064067 0.445058959258554
Obstacle 1.3784774578381775 1.1153990505872275 1.541912347763712 12.429902156222852 0.6517660951278685 -0.9142172437134197 -1.1257373675363427
Obstacle 1.6718560063785115 1.3310365203275922 1.0968546784384894 24.259273870005018 3.5305120789023476 -0.666857758682676 -0.18325957145940475
Obstacle 3.5284097391335374 3.0440748546479406 3.3630137965909794 26.86587101692658 21.362694040421992 -0.3711067142699469 -0.7592182246175332
Obstacle 5.713198707714901 3.2564311327348388 5.033846764251998 40.15726323747822 20.714404660728633 2.4590908304340307 0.9162978572970231
Obstacle 2.629177628288239 2.1168478616204673 1.069302169184225 19.8983586530494 -9.745621632845996 -1.8314527184569147 -0.2879793265790643
Stone 1.0635771586581115 2.9893467767169164 2.86397464235707 0.1150668736240732 30.49734158230808 -0.07014470992177094 0.5556128085362406
Obstacle 2.702296971263487 1.661180116536222 0.9507427283774921 0.42909058834492864 -20.921042510971898 -2.1196419149472354 0.46678594432212145
Stone 1.4614117204766455 1.4761524163985937 1.2780218182319982 23.455928324168863 31.824556794505515 -1.5103822944413696 0.29123012529679854
Obstacle 3.406440937907781 4.6706266763287685 4.441004432225462 33.128329437103275 8.342199894563691 -0.681615457222008 2.748893571891069
Dust 2.330489993095398 9.768908739089966 5.0886605978012085 2.5928375124931335 -0.2528073787689209 -0.44739001989364624 0.0