Truck 2.35658557086585 2.2634479722341783 5.491131147041443 3.490615106981598 2.3555657878359852 -1.1247466109978812 1.3467217543072807
Obstacle 1.3300425205214537 1.5527203795894093 2.4865364360704603 8.574614745385475 -5.7622836069722325 -0.9899008853429893 0.445058959258554
Obstacle 1.3784774578381775 1.1153990505872275 1.541912347763712 9.066506831681636 1.0599402364487105 -1.3032019506740729 -1.1257373675363427
Obstacle 4.12289583049111 5.051574289337485 4.792207464542015 10.428803208191125 25.846512301702205 -4.537685481269618 -0.7592182246175332
Obstacle 7.641656573178418 5.189637860836756 6.674698051819427 24.3573868631388 31.07080989393353 -0.30934887062199556 0.9162978572970231
Obstacle 2.629177628288239 2.1168478616204673 1.069302169184225 20.601350801033732 -4.283898771069744 -1.8314527184569147 -0.2879793265790643
Stone 0.6615664809372536 0.6900559130598504 0.8332810428946836 10.422346305679639 -3.952541828633457 -1.7196778133796398 0.8287424104278958
Stone 0.6500353000912797 0.9995130814062986 1.9437128809873137 4.3318823852742 33.34117413031436 -5.928280403695815 2.644173816771409
Dust 1.9043229818344116 6.460653940215707 5.77970027923584 2.9381282329559326 -3.1744239730760455 -1.0136424899101257 0.0
Dust 0.03310704231262207 0.14451098442077637 0.2317662239074707 4.756446838378906 1.2380105257034302 -0.6315464973449707 0.0
Dust 0.5210840106010437 1.420713186264038 0.3358960449695587 0.47448302805423737 2.833335518836975 -0.6775850057601929 0.0