Truck 2.35658557086585 2.2634479722341783 5.491131147041443 3.5596272188627154 2.5456306530500115 -1.0992626099419158 1.3323920117870038
Obstacle 1.3300425205214537 1.5527203795894093 2.4865364360704603 8.6370487061331 -5.666376165662996 -1.0657143026029754 0.445058959258554
Obstacle 1.3784774578381775 1.1153990505872275 1.541912347763712 9.06020559917576 1.4098167366222452 -1.3031090746934206 -1.1257373675363427
Obstacle 4.12289583049111 5.051574289337485 4.792207464542015 11.941908483469433 25.63678618605013 -3.79540563874778 -0.7592182246175332
Obstacle 7.641656573178418 5.189637860836756 6.674698051819427 24.51206313445732 31.393531358094833 0.03798177306435843 0.9162978572970231
Obstacle 2.629177628288239 2.1168478616204673 1.069302169184225 20.611430914292896 -4.2835670908978045 -1.8314527184569147 -0.2879793265790643
Stone 0.6615664809372536 0.6900559130598504 0.8332810428946836 10.385372968074307 -3.91864234530226 -1.7196778133796398 0.8287424104278958
Stone 0.6500353000912797 0.9995130814062986 1.9437128809873137 4.6628497655776755 33.22690465306391 -5.7976518812786315 2.644173816771409
Dust 1.795640029013157 5.5996482372283936 6.1316008269786835 3.114302411675453 -2.7403491735458374 -0.7218140177428722 0.0
Dust 1.541153907775879 1.4021129608154297 0.8732562065124512 5.291097640991211 2.3912625312805176 0.013660997152328491 0.0
Dust 1.5038279555737972 3.1722207069396973 2.1727319955825806 1.1035459637641907 3.060215473175049 -0.6373119819909334 0.0