Truck 2.35658557086585 2.2634479722341783 5.491131147041443 3.5208628166137714 2.441550966862451 -1.1076538726146348 1.3371080838895937
Obstacle 1.3300425205214537 1.5527203795894093 2.4865364360704603 8.616237385883778 -5.698345312765923 -1.0404431635163134 0.445058959258554
Obstacle 1.3784774578381775 1.1153990505872275 1.541912347763712 9.06230601001107 1.2931912365643257 -1.303140033353638 -1.1257373675363427
Obstacle 4.12289583049111 5.051574289337485 4.792207464542015 11.43794303857544 25.706721590849384 -4.043081410823749 -0.7592182246175332
Obstacle 7.641656573178418 5.189637860836756 6.674698051819427 24.363494609017152 31.32685119953294 -0.073100805044599 0.9162978572970231
Obstacle 2.629177628288239 2.1168478616204673 1.069302169184225 20.60807087653984 -4.283677650955042 -1.8314527184569147 -0.2879793265790643
Stone 0.6615664809372536 0.6900559130598504 0.8332810428946836 10.397697413942751 -3.9299421730793256 -1.7196778133796398 0.8287424104278958
Stone 0.6500353000912797 0.9995130814062986 1.9437128809873137 4.501939006950117 33.292461683833984 -5.829215136082314 2.644173816771409
Dust 2.8241440057754517 6.589464172720909 5.206046938896179 2.651347577571869 -2.8383860662579536 -0.5806379914283752 0.0
Dust 1.2581000328063965 1.9550000429153442 1.1302781105041504 4.966459035873413 2.0363540649414062 -0.12008899450302124 0.0
Dust 1.2929200530052185 2.4755141139030457 2.4507660269737244 1.278069943189621 2.7638680040836334 -0.5301180183887482 0.0