Truck 2.35658557086585 2.2634479722341783 5.491131147041443 8.545495173400013 4.2165534475109325 -0.04723713482205949 0.8047398487798918
Truck 1.8573746840073309 1.7685981498773353 3.979816576771039 20.35470107355701 4.513152477203719 -1.0958461838185678 -0.06670355895224182
Obstacle 2.2314368926813737 1.8114899256959558 1.4051216453820554 2.1234575896287873 10.298454363052048 0.6341155646849357 -1.5446163880149815
Obstacle 1.3300425205214537 1.5527203795894093 2.4865364360704603 8.595012856860976 -5.4103774291094 -1.1807925772784764 0.445058959258554
Obstacle 1.3784774578381775 1.1153990505872275 1.541912347763712 12.65293204157797 0.4887211359268804 -0.8109794144850255 -1.1257373675363427
Obstacle 1.6718560063785115 1.3310365203275922 1.0968546784384894 24.64215579898771 2.884468213879735 -0.33820864794651206 -0.18325957145940475
Obstacle 3.5284097391335374 3.0440748546479406 3.3630137965909794 27.53922442639805 20.695909097346885 -0.44423525027858135 -0.7592182246175332
Obstacle 5.713198707714901 3.2564311327348388 5.033846764251998 40.786849170153346 19.049017183243222 2.9885600822313982 0.9162978572970231
Obstacle 2.629177628288239 2.1168478616204673 1.069302169184225 19.716185934488294 -10.254723637303186 -1.8314527184569147 -0.2879793265790643
Stone 1.0635771586581115 2.9893467767169164 2.86397464235707 1.611994933117785 30.52234051154028 0.0619577073295591 0.5556128085362406
Obstacle 1.5600612792446675 1.114360610770905 0.9507427283774921 0.5208052853326641 -20.869011356581094 -2.519564227208843 0.46678594432212145
Stone 1.4614117204766455 1.4761524163985937 1.2780218182319982 24.671303358763453 31.2703968683943 -1.3623949197035683 0.29123012529679854
Stone 1.255378603507971 0.9660727132792886 1.093244983612147 31.27335170956549 25.668562012235316 -1.7823221913442462 1.7540558982543015
Obstacle 3.406440937907781 4.6706266763287685 4.441004432225462 33.86411767958634 8.19960922443397 -0.3080878573879495 2.748893571891069
Dust 1.8456359505653381 8.216760814189911 4.077373027801514 2.0872204303741455 -1.0165995657444 -0.471653014421463 0.0