Truck 2.35658557086585 2.2634479722341783 5.491131147041443 10.070577482989165 3.8838818404670974 0.3696891879925215 0.6354226738259559
Truck 1.8573746840073309 1.7685981498773353 3.979816576771039 21.834247669537604 1.9808181733710626 -0.05526019600574289 -0.304547739900816
Obstacle 2.2314368926813737 1.8114899256959558 1.4051216453820554 4.928556147177801 10.719727787636316 0.6341155646849357 -1.5446163880149815
Obstacle 1.3300425205214537 1.5527203795894093 2.4865364360704603 8.784683327691928 -5.38587949074664 -0.9847003495643553 0.445058959258554
Obstacle 1.3784774578381775 1.1153990505872275 1.541912347763712 13.463348412699816 -0.5328719965680193 -0.3405929672260741 -1.1257373675363427
Obstacle 1.6718560063785115 1.3310365203275922 1.0968546784384894 25.621517179079092 -0.2543560492231336 -0.33820864794651206 -0.18325957145940475
Obstacle 2.0647944370292284 1.7856875248340924 1.2577563273075705 31.951846797315447 17.237235895050084 -0.03020208945904454 -0.7592182246175332
Obstacle 4.735717012088991 2.83751040603802 5.033846764251998 43.966919402600865 11.746621759892832 4.955160160335907 0.9162978572970231
Obstacle 2.629177628288239 2.1168478616204673 1.069302169184225 18.89824616891076 -12.12910617166358 -1.8314527184569147 -0.2879793265790643
Stone 1.0635771586581115 2.907024592461406 1.793786247035436 7.50519802527765 31.240988357561605 0.4780382508377292 0.5556128085362406
Obstacle 3.406440937907781 4.6706266763287685 4.441004432225462 36.04869799209478 2.6649258619708727 1.7729944845446617 2.748893571891069
Dust 1.0522451400756836 4.251720905303955 2.918612003326416 1.8196990489959717 -2.5901243686676025 -1.1202294826507568 0.0