Truck 2.35658557086585 2.2634479722341783 5.491131147041443 7.748347346814285 4.284039317918996 -0.23963126087087136 0.8832167110124374
Truck 1.8573746840073309 1.7685981498773353 3.979816576771039 19.57916394679421 5.260458483673119 -1.1494728739799744 0.07504370817926995
Obstacle 2.2314368926813737 1.8114899256959558 1.4051216453820554 0.9871335964138552 9.938191612857281 0.6341155646849357 -1.5446163880149815
Obstacle 1.3300425205214537 1.5527203795894093 2.4865364360704603 8.686562679309112 -5.294408398703841 -1.4749309188496578 0.445058959258554
Obstacle 1.3784774578381775 1.1153990505872275 1.541912347763712 12.206872270867166 0.8148110543288567 -1.017455072941814 -1.1257373675363427
Obstacle 1.6718560063785115 1.3310365203275922 1.0968546784384894 23.90034855838141 4.305814284324159 -0.33820864794651206 -0.18325957145940475
Obstacle 3.5284097391335374 3.721514736770279 3.626462639638555 25.755919295572085 21.811245075397437 -0.5476762017249116 -0.7592182246175332
Obstacle 5.713198707714901 3.2564311327348388 5.033846764251998 39.52767730480268 22.379792138214107 1.929621578636663 0.9162978572970231
Obstacle 2.629177628288239 2.1168478616204673 1.069302169184225 20.08053137161062 -9.236519628388578 -1.8314527184569147 -0.2879793265790643
Obstacle 3.406440937907781 4.6706266763287685 4.441004432225462 32.259612940829584 8.359683639340346 -0.7538098672739689 2.748893571891069
Dust 2.555832028388977 9.837807774543762 4.497237203642726 2.2972126016393304 -0.4699851870536804 -0.3719260096549988 0.0