Dust 0.29394746320284654 0.3235438744940269 0.22741218493052462 0.058457554267079104 -2.3220316995580106 -0.15794793118701567 0.06588335543146949
Dust 1.0490422139651858 0.42451247622104515 0.22741218493052462 0.11687279118450533 -3.716954872093993 -1.2921056257889618 0.06588335543146949
Dust 0.24994701147079468 1.2605760097503662 1.0651588439941406 4.478692531585693 -0.36214298009872437 0.10759849846363068 0.0
Dust 0.806667972356081 0.1070859432220459 0.9059039857238531 0.5010829912498593 -2.3312292098999023 -0.5246819909662008 0.0
Dust 2.012773960828781 1.7191681861877441 4.047825843095779 2.2918839305639267 3.813369035720825 -0.4958369880914688 0.0
Dust 0.830420970916748 0.5711112022399902 0.9620270729064941 5.403642654418945 -3.7971465587615967 -1.1168534755706787 0.0
Dust 0.39848506450653076 1.6604779958724976 0.9153690338134766 2.4291884899139404 -0.6596710085868835 -0.91753751039505 0.0
Dust 1.4499380588531494 1.3269987106323242 3.5832178592681885 1.8478800058364868 6.174705505371094 -1.0608320236206055 0.0
Dust 0.030228018760681152 0.06427717208862305 0.06153106689453125 2.261157512664795 -2.8200135231018066 -1.2307629585266113 0.0
Dust 0.07389700412750244 0.4082200527191162 0.42917323112487793 3.792276382446289 2.0904440879821777 -1.3122224807739258 0.0
Dust 0.5516200065612793 0.09017205238342285 0.016850002110004425 0.10753199458122253 -3.6505279541015625 -1.330072045326233 0.0