Truck 4.659458920023136 4.234877343271979 9.607841272446171 63.88913224321085 -33.98917780305879 -4.817714971536036 -0.8726646259971651
Truck 4.659458920023136 4.234877343271979 8.973582802137988 68.28825816123624 -31.892750848609488 -4.904247780050752 -0.8794036965988306
Truck 4.3158089123245365 4.588821431111486 8.973582802137988 72.06449321641121 -28.626849747062536 -5.074163220280877 -0.8841025295654666
Truck 4.284509847174864 3.9418409339166587 8.973582802137988 75.38993165064777 -25.71418189203586 -5.111425379903493 -0.8683013028671793
Truck 4.659458920023136 4.234877343271979 8.973582802137988 78.73089569931173 -22.510825861720434 -4.818962812994643 -0.8508480103472364
Obstacle 2.4111760173477177 2.66449348408642 1.0331030789048241 16.810722428057392 -54.35460129332448 2.856744838034255 1.0169735533153053
Obstacle 2.2662637650213755 2.1618601001196867 2.370275719806446 4.890964245414805 -52.59631526455476 3.536971986417815 1.1195891355704723
Obstacle 3.9157881325498094 1.0009535965138139 1.166320578697397 12.120787449224093 -51.115351357382316 4.091641544710176 1.297655173572456
Dust 0.6565686094309451 4.306734500455617 0.6440879080795627 0.23535333885171716 -0.04255427547154078 0.21632257063427085 -0.004607416966994897
Dust 0.1850700080394745 0.12160491943359375 0.291049987077713 0.31873297691345215 -1.4391624927520752 0.08361800014972687 0.0
Dust 0.03269997239112854 0.17390108108520508 0.0003310000174678862 -0.0009975000284612179 1.5775305032730103 0.34623998403549194 0.0