Truck 5.29566238147392 4.848128383388481 11.935460605245526 3.2116353393889767 14.937939618167775 1.9776086436295484 1.7035853125722138
Truck 5.5024943265532995 4.583487921752959 11.495730161745618 1.804949653245444 -27.3048259085773 0.8204286923998351 1.4225609474119505
Obstacle 5.604620115216136 1.7208860811444626 1.4812166802350806 9.611546935649018 -17.257712268339645 2.603462355871092 -2.539454061651749
Obstacle 4.197685025090741 1.8351085844544037 1.7396767029283169 10.451788277098629 -14.795642088470156 1.9203259085695539 -2.853613327010729
Obstacle 1.5129861772822124 0.9929375059293996 2.7263921849165147 10.166512307880907 -8.645517818984672 0.6399755794159616 0.811578102177363
Obstacle 4.797640770311794 1.6662548621675883 2.0685478549927083 9.93915504126096 9.77423135606648 3.1410460536912543 -3.0106929596902186
Obstacle 6.992127703568946 2.0634822593866957 2.2168356939863494 1.3182850837483784 42.18598408983985 4.17281014596088 -2.853613327010729
Dust 1.956565022468567 8.323833882808685 4.439665794372559 4.014468193054199 0.7331750690937042 0.5295864939689636 0.0
Dust 0.0807739794254303 0.6763830184936523 0.47028589248657227 6.339779853820801 6.498385429382324 0.4034460186958313 0.0
Dust 0.007836014032363892 0.12314605712890625 0.10286998748779297 5.385100841522217 8.531139373779297 0.4926549792289734 0.0
Dust 0.5788769721984863 1.3697137832641602 1.765774130821228 2.836683988571167 8.159038543701172 -0.0677035003900528 0.0
Dust 0.8594369739294052 1.4525892734527588 1.168936848640442 3.7172364592552185 -5.490060448646545 0.042465515434741974 0.0
Dust 0.1041560024023056 0.2964019775390625 0.1616668701171875 3.3940465450286865 6.123998165130615 -0.08375100046396255 0.0