Truck 2.35658557086585 2.2634479722341783 5.491131147041443 2.676839331789097 3.575091876056831 -0.9475354592018727 1.444989571959807
Obstacle 1.3300425205214537 1.5527203795894093 2.4865364360704603 8.45637323798121 -4.194841283605456 -1.1241075166491314 0.445058959258554
Obstacle 1.3784774578381775 1.1153990505872275 1.541912347763712 8.333338329631715 2.6226075400422815 -1.3017106584066496 -1.1257373675363427
Obstacle 7.641656573178418 5.189637860836756 6.674698051819427 22.04711725002903 34.43499539249176 0.5410068481973676 0.9162978572970231
Obstacle 2.629177628288239 2.1168478616204673 1.069302169184225 20.478988369606213 -1.852428840759785 -1.8314527184569147 -0.2879793265790643
Obstacle 2.7196207400345607 2.6957279629790127 5.02880586459933 22.176258407517366 20.877259722547933 -2.0553448556384084 -0.4450589592585539
Dust 2.0805490016937256 1.7543985709649765 3.430528029310278 4.384635692589945 0.7785952604018486 -0.7005414962768555 1.3426248876659568
Dust 2.0502249002456665 7.461398780345917 3.9216240644454956 2.098261058330536 -2.609739452600479 -1.0325714945793152 0.0
Dust 0.06273102760314941 0.26985394954681396 0.17533206939697266 5.032678127288818 1.6191680431365967 -1.3895255327224731 0.0
Dust 0.43083298206329346 1.0649008750915527 0.524899959564209 6.259056091308594 -1.4760844707489014 -1.4366604685783386 0.0
Dust 0.02893805503845215 0.13082599639892578 0.10695886611938477 4.957297325134277 -1.3516340255737305 -1.556758999824524 0.0
Dust 0.20285296440124512 0.6614680290222168 0.19099199771881104 1.0988619327545166 2.4057459831237793 -0.980270504951477 0.0