Truck 2.35658557086585 2.2634479722341783 5.491131147041443 9.948785566741275 3.940987459780906 0.3696891879925215 0.668706755713868
Truck 1.8573746840073309 1.7685981498773353 3.979816576771039 21.691003384255055 2.364618875605952 -0.05526019600574289 -0.27481721728224423
Obstacle 2.2314368926813737 1.8114899256959558 1.4051216453820554 4.6098091698958115 10.711381104288831 0.6341155646849357 -1.5446163880149815
Obstacle 1.3300425205214537 1.5527203795894093 2.4865364360704603 8.735713228764212 -5.375211590027638 -0.9847003495643553 0.445058959258554
Obstacle 1.3784774578381775 1.1153990505872275 1.541912347763712 13.390342137485504 -0.3798111575742382 -0.3405929672260741 -1.1257373675363427
Obstacle 1.6718560063785115 1.3310365203275922 1.0968546784384894 25.56566920704313 0.09680004372957329 -0.33820864794651206 -0.18325957145940475
Obstacle 2.0647944370292284 2.9085914531404318 2.3390712212321936 31.162760825669796 17.600400205490484 -0.03020208945904454 -0.7592182246175332
Obstacle 4.735717012088991 2.83751040603802 5.033846764251998 43.53469024392288 12.63538248141778 4.955160160335907 0.9162978572970231
Obstacle 2.629177628288239 2.1168478616204673 1.069302169184225 19.01718449841951 -11.84671773532807 -1.8314527184569147 -0.2879793265790643
Stone 1.0635771586581115 2.907024592461406 1.793786247035436 6.576410075830002 31.486076594308354 0.43428458397741604 0.5556128085362406
Obstacle 3.406440937907781 4.6706266763287685 4.441004432225462 35.73354837150282 3.470569515937146 1.9738832777327269 2.748893571891069
Dust 0.93989098072052 3.349404811859131 2.70591402053833 2.387768030166626 -0.7195064425468445 -0.7294145226478577 0.0
Dust 0.1004980057477951 0.018455982208251953 0.0028740018606185913 0.04972299933433533 -2.33181095123291 -0.17198899388313293 0.0
Dust 1.0953760147094727 1.253044843673706 1.3405330181121826 0.9065895080566406 -3.878892421722412 -1.078536033630371 0.0