Obstacle 1.908747152410464 2.0138790301614806 2.7285745074837595 15.208411723550533 -34.87188426389479 -0.11391218851209146 -1.8147674489926209
Obstacle 4.043899769950486 1.4294833712666632 1.6226171579524493 22.02318639686564 -32.03591710442052 0.2722952060272237 -2.539454061651749
Obstacle 1.9661332288431916 0.7954392679983149 2.873291955549393 26.97760005719755 -33.48555193145563 -1.5222073746593114 -0.4096432918690313
Truck 5.031794206387858 4.588283373872225 11.29359844933554 69.24532854120775 -3.165755234219224 -4.572225027278728 -0.5890486225480867
Truck 5.031794206387858 4.423250085485547 11.29359844933554 73.86024674996928 -0.22608482290461157 -4.52718465591257 -0.6035430973943553
Truck 5.031794206387858 4.423250085485547 11.29359844933554 76.43742920580635 4.4185923400528235 -4.323428819095857 -0.6230605261896213
Truck 5.0921798612859925 4.242093120791142 11.29359844933554 78.93479166931132 8.35617793195045 -4.225315479729303 -0.6148308348522655
Truck 5.0921798612859925 4.242093120791142 11.29359844933554 81.09801553515264 12.417744905317576 -4.263128998485328 -0.6249210195903583
Obstacle 2.590353818740915 3.4921085378173977 7.414695115341573 95.35702397526269 -11.389659097608522 -7.656579233031351 1.4835298641951806
Dust 0.33657899498939514 0.576650857925415 0.27627798914909363 0.16457299888134003 -1.7214034795761108 -0.005296498537063599 0.0
Dust 0.03347897529602051 0.1710834503173828 0.3305569887161255 0.319505512714386 9.275276184082031 -1.5986144542694092 0.0