Obstacle 1.908747152410464 2.0138790301614806 2.7285745074837595 11.139549460819323 -41.15733731534729 0.23945949218834153 -1.88992664864462
Obstacle 4.043899769950486 1.4294833712666632 1.6226171579524493 18.075482544051027 -39.599784099105136 0.7996646546115255 -2.539454061651749
Obstacle 1.9661332288431916 0.7954392679983149 2.873291955549393 22.45187691427316 -41.40519999185207 -0.7240823746593099 -0.5623596014185354
Truck 5.031794206387858 4.588283373872225 11.29359844933554 67.82701337965545 -15.34445813695902 -5.14874625567299 -0.7420558203062564
Truck 5.031794206387858 4.423250085485547 11.29359844933554 70.8177980429807 -11.484467003356901 -4.225277003529301 -0.7460783196405587
Truck 5.031794206387858 4.423250085485547 11.29359844933554 75.85430872820234 -9.13758130162796 -5.3989748307112535 -0.7485487186477119
Truck 5.0921798612859925 4.242093120791142 11.29359844933554 79.25777697864469 -6.145867695816543 -7.0238926618277375 -0.7266409900581515
Truck 5.0921798612859925 4.242093120791142 11.29359844933554 81.61610753030058 -2.294321915245102 -7.245614659954567 -0.7187324668850528
Dust 0.1573760062456131 0.5341590642929077 0.19897699356079102 0.12167149782180786 -1.7386255264282227 -0.09505800157785416 0.0
Dust 0.522445023059845 0.6339900493621826 0.37800300121307373 0.22536250948905945 3.588931083679199 -1.2345625162124634 0.0
Dust 0.9523149728775024 0.9625558853149414 0.5128200054168701 0.3281800150871277 6.358468055725098 -1.4049955010414124 0.0