Truck 2.35658557086585 2.2634479722341783 5.491131147041443 8.992093087514354 4.258591432036066 0.09173830611613418 0.746316007385793
Truck 1.8573746840073309 1.7685981498773353 3.979816576771039 21.118026243124802 3.899821684545546 -0.05526019600574289 -0.15589512680795709
Obstacle 2.2314368926813737 1.8114899256959558 1.4051216453820554 3.035815709269343 10.556847928956298 0.6341155646849357 -1.5446163880149815
Obstacle 1.3300425205214537 1.5527203795894093 2.4865364360704603 8.53983283305331 -5.332539987151487 -0.9847003495643553 0.445058959258554
Obstacle 1.3784774578381775 1.1153990505872275 1.541912347763712 13.004388285656347 0.1667545883698267 -0.5499767335484511 -1.1257373675363427
Obstacle 1.6718560063785115 1.3310365203275922 1.0968546784384894 25.07598851699754 1.666212175281015 -0.33820864794651206 -0.18325957145940475
Obstacle 3.5284097391335374 3.0440748546479406 3.3630137965909794 28.61934480368527 19.365724025955835 -0.762009740511199 -0.7592182246175332
Obstacle 5.713198707714901 3.2564311327348388 5.033846764251998 42.281683328060126 15.949046912642947 3.7827639599274496 0.9162978572970231
Obstacle 2.629177628288239 2.1168478616204673 1.069302169184225 19.440080366322228 -10.895607751094417 -1.8314527184569147 -0.2879793265790643
Stone 1.0635771586581115 2.9893467767169164 2.86397464235707 4.051905157975604 30.78510380120815 0.30302358339647667 0.5556128085362406
Stone 1.4614117204766455 1.4761524163985937 1.2780218182319982 26.630100486634124 30.09371061837368 -1.0910847326842659 0.29123012529679854
Stone 1.255378603507971 0.9660727132792886 1.093244983612147 33.15425802129538 24.12511311704614 -1.3688427095435474 1.7540558982543015
Obstacle 3.406440937907781 4.6706266763287685 4.441004432225462 34.8534561287685 6.4369058494599205 0.8941060143468772 2.748893571891069
Dust 1.2954070568084717 5.193725109100342 2.2536568641662598 2.362555503845215 0.9962504506111145 -0.5632975101470947 0.0
Dust 1.1292359828948975 2.712663412094116 1.8960948586463928 0.9964864552021027 -3.6038925647735596 -0.5779479742050171 0.0