Truck 5.29566238147392 4.848128383388481 11.935460605245526 4.499102049568268 4.482894460178427 1.2087643744475285 1.6071757033596907
Truck 5.5024943265532995 4.583487921752959 11.495730161745618 0.35226113823136884 -39.57615213259555 0.5588640069192724 1.387889576445208
Obstacle 7.406821237710091 1.7208860811444626 1.4812166802350806 8.931258450427968 -22.43491588182085 2.9819348484374713 -2.539454061651749
Obstacle 4.197685025090741 1.8351085844544037 1.7396767029283169 10.187328145042954 -19.549997404356038 1.4111369360228636 -2.853613327010729
Obstacle 1.5129861772822124 0.9929375059293996 2.7263921849165147 9.569479210521049 -13.400991446676926 0.19369717653480287 0.7786788422023829
Obstacle 4.797640770311794 1.6662548621675883 2.0685478549927083 10.367876274083663 4.4983662647302936 2.6159019579030582 -3.0106929596902186
Obstacle 6.992127703568946 2.0634822593866957 2.2168356939863494 2.239071717146706 37.44891239293793 4.17281014596088 -2.853613327010729
Dust 2.655152388264627 4.313986390000294 5.185500834210401 4.184000288904991 -4.19205882614877 0.24033323320244274 1.6201678257216567
Dust 2.480452060699463 3.5348873138427734 4.607117176055908 2.880478620529175 -3.282505512237549 0.03131401538848877 0.0
Dust 0.2820039987564087 1.6968390941619873 0.17622005939483643 2.079019069671631 1.9239245653152466 -0.3487510085105896 0.0
Dust 0.6018689870834351 0.34752607345581055 0.24146008491516113 1.913915991783142 -6.337533950805664 -0.4761675000190735 0.0