Truck 4.659458920023136 4.234877343271979 9.607841272446171 67.05161769757069 26.56020672345153 -4.649883034263794 -0.47996554429844224
Truck 4.659458920023136 4.234877343271979 8.973582802137988 70.60403640233196 30.19431446520221 -4.627990381900183 -0.4803858502827166
Truck 4.3158089123245365 4.588821431111486 8.973582802137988 72.6097456534406 34.79635826541882 -4.028538345079459 -0.47848725296267763
Truck 4.284509847174864 3.9418409339166587 8.973582802137988 75.38158984769011 38.35526891653165 -4.057427817154271 -0.4842197843501782
Truck 4.659458920023136 4.234877343271979 8.973582802137988 76.68834215481303 42.529571321070634 -2.138570202499151 -0.4777838827334482
Obstacle 2.4111760173477177 2.66449348408642 1.0331030789048241 30.0849535841236 -10.80517371167336 -1.1731890300724048 1.2318672174671055
Obstacle 2.2662637650213755 2.1618601001196867 2.370275719806446 19.185094081628336 -13.644092818870604 -1.1344487572599002 1.4398966328953222
Obstacle 3.9157881325498094 1.0009535965138139 1.166320578697397 25.125777421242343 -10.479889839949472 0.07646672992803791 1.297655173572456
Truck 5.214445894660446 4.795516422750924 8.231662448365466 97.54080622936115 25.97540551326894 -5.471760430241808 0.09263127829040928
Truck 5.214445894660446 4.359139242323109 8.231662448365466 97.53319933866575 20.916179063209544 -5.211038135508786 0.1060848579411989
Dust 0.13481099903583527 0.039817094802856445 0.07715500146150589 0.0817365050315857 -2.024221420288086 -0.12634149193763733 0.0