Truck 0.22980872823290022 0.4588146056407343 0.26450996613441774 0.2671486770905176 -2.2078053752177036 0.26160088481925364 -0.23185810817086983
Stone 0.338945979915791 0.6804393775057723 0.667773946426218 6.484615936736237 -5.370871875982319 -1.069436016160879 0.4428676701429304
Obstacle 1.761899765216819 0.9545161087209927 1.147665469803094 6.670836371237328 -6.9036766407992225 -0.15787140960876306 -1.7584289491378027
Stone 0.33149560961542945 0.42023147546626144 0.4637784300683353 5.899530927115364 0.026937058140164814 -1.5190623610616847 -2.1782665339957132
Dust 0.5890370011329651 2.171243906021118 0.6992588043212891 5.0101776123046875 -0.3882499635219574 -1.1225415468215942 0.0
Dust 0.25766801834106445 1.0079659223556519 1.3457508087158203 3.7109785079956055 1.9232828617095947 -1.420827031135559 0.0
Dust 0.15550005435943604 0.6882779598236084 0.654461145401001 2.4655723571777344 -2.1489181518554688 -1.153135061264038 0.0
Dust 0.4980059862136841 1.0492260456085205 0.7904398441314697 3.965424060821533 -2.74993896484375 -0.9734370112419128 0.0
Dust 0.5453709363937378 0.5105199813842773 0.4467179775238037 1.6372369527816772 3.080996036529541 -1.2949285507202148 0.0
Dust 0.04360198974609375 0.1182330846786499 0.00035099999513477087 -0.0009834999218583107 1.5444624423980713 0.3395020067691803 0.0
Dust 0.06577503681182861 0.05814296007156372 0.15363097190856934 2.6316986083984375 -0.8694164752960205 -1.1935184001922607 0.0