Truck 4.659458920023136 4.234877343271979 9.607841272446171 68.62492752913319 -1.6164469890689508 -4.843244677626225 -0.6108652381980164
Truck 4.659458920023136 4.234877343271979 8.973582802137988 72.72744805011205 1.2077684145444143 -4.864309560736268 -0.6056788548498439
Truck 4.3158089123245365 4.588821431111486 8.973582802137988 75.43229261703702 5.708099395850092 -4.996566658900819 -0.618208511009694
Truck 4.284509847174864 3.9418409339166587 8.973582802137988 77.89824190224347 9.636165697795564 -5.111425379903493 -0.6108652381980161
Truck 4.659458920023136 4.234877343271979 8.973582802137988 80.3083740454859 13.47391095133945 -4.619137563333141 -0.6108652381980155
Obstacle 2.4111760173477177 2.66449348408642 1.0331030789048241 27.118635275036464 -33.29137893257953 -1.1236041069685587 1.0802417387000993
Obstacle 2.2662637650213755 2.1618601001196867 2.370275719806446 15.69638374997578 -34.64761200193329 -0.4002666583720922 1.3439035240356343
Obstacle 3.9157881325498094 1.0009535965138139 1.166320578697397 21.819226409779812 -32.07782110781113 0.5813953324457513 1.297655173572456
Truck 5.214445894660446 4.795516422750924 8.231662448365466 99.34768776337481 -6.878542771488735 -5.315327053401995 0.004273984908196273
Truck 5.214445894660446 4.359139242323109 8.231662448365466 97.74661483909041 -11.791999557663736 -5.211038135508786 0.010091749081510695
Dust 0.2095170021057129 0.06985604763031006 0.2546219825744629 0.19051000475883484 -1.4647340774536133 0.04603250324726105 0.0
Dust 0.027952075004577637 0.1742687225341797 0.32949399948120117 0.24806898832321167 9.292227745056152 -1.5112929344177246 0.0
Dust 0.0391710102558136 0.1436530351638794 0.0003450000658631325 -0.0009965000208467245 1.5715105533599854 0.34524351358413696 0.0