Obstacle 1.908747152410464 2.0138790301614806 2.7285745074837595 16.4860784413499 -31.51238298058847 -0.6833985289335103 -1.7769633446867277
Obstacle 4.043899769950486 1.4294833712666632 1.6226171579524493 22.865353331085952 -28.73284960872677 0.2714663391309755 -2.539454061651749
Obstacle 1.9661332288431916 0.7954392679983149 2.873291955549393 27.803078792836157 -29.766011904933354 -1.2762698746593115 -0.366010060569173
Truck 5.031794206387858 4.588283373872225 11.29359844933554 69.50484596549546 2.3676674971963263 -4.286709752264427 -0.602138591938044
Truck 5.031794206387858 4.423250085485547 11.29359844933554 73.95177684001426 5.430651308618471 -4.225277003529301 -0.5977253332210413
Truck 5.031794206387858 4.423250085485547 11.29359844933554 76.29012857296061 9.657543698840527 -4.103287822566391 -0.5924959380442216
Truck 5.0921798612859925 4.242093120791142 11.29359844933554 78.90369882373155 13.64709226489472 -3.462549371340836 -0.5878327729854786
Truck 5.0921798612859925 4.242093120791142 11.29359844933554 81.42249350421167 17.42379931621145 -3.739400341395049 -0.591105265332968
Obstacle 4.025247966956896 3.64172031972299 10.140708681851573 96.09642396114731 -4.058905967328284 -6.904251913821616 1.5882496193148405
Dust 0.0014880001544952393 0.01707911491394043 0.01245800033211708 0.032562002539634705 -2.00972843170166 -0.17437100410461426 0.0
Dust 0.2573000192642212 0.8894531726837158 0.2070789933204651 0.14904749393463135 4.273103713989258 -0.8449900150299072 0.0