Dust 0.29394746320284654 0.3235438744940269 0.22741218493052462 0.058457554267079104 -2.3220316995580106 -0.15794793118701567 0.06588335543146949
Dust 1.0490422139651858 0.42451247622104515 0.22741218493052462 0.11687279118450533 -3.716954872093993 -1.2921056257889618 0.06588335543146949
Dust 1.9390990436077118 4.134939968585968 2.2826818227767944 4.587252914905548 -0.9079299867153168 -0.7657045274972916 0.0
Dust 0.10120700299739838 0.008391141891479492 0.0026130005717277527 0.04971950128674507 -2.3374686241149902 -0.17266449332237244 0.0
Dust 0.4554799795150757 2.6675848960876465 2.0216591358184814 4.436817646026611 -8.986614227294922 -1.3015589714050293 0.0
Dust 1.7852619886398315 2.2713611125946045 2.4365599155426025 2.920833110809326 3.7135525941848755 -0.4373779892921448 0.0
Dust 0.23718899488449097 0.7887300252914429 0.7320519685745239 1.9294919967651367 -1.3956449031829834 -0.8919024467468262 0.0
Dust 1.6619250178337097 2.5287070274353027 2.5884132385253906 3.133716583251953 6.810105562210083 -0.6451675593852997 0.0
Dust 0.10989201068878174 0.20505189895629883 0.1219019889831543 0.7941669821739197 6.338496208190918 -1.13258695602417 0.0
Dust 0.30678701400756836 0.1506822109222412 0.3492603302001953 5.136518955230713 2.7060818672180176 -1.1742504835128784 0.0
Dust 0.5524779558181763 0.08264017105102539 0.01746699959039688 0.10741749405860901 -3.6604490280151367 -1.3323290348052979 0.0