Truck 2.35658557086585 2.2634479722341783 5.491131147041443 3.5983916211118867 2.6497103392373447 -1.0908713472691969 1.3276759396844136
Obstacle 1.3300425205214537 1.5527203795894093 2.4865364360704603 8.657860026382195 -5.634407018559841 -1.0909854416896376 0.445058959258554
Obstacle 1.3784774578381775 1.1153990505872275 1.541912347763712 9.135879165643928 1.5726217824540072 -1.3289201465658924 -1.1257373675363427
Obstacle 4.12289583049111 5.051574289337485 4.792207464542015 12.445873928363199 25.566850781250878 -3.547729866671811 -0.7592182246175332
Obstacle 7.641656573178418 5.189637860836756 6.674698051819427 24.66063165989749 31.4602115166565 0.14906435117331585 0.9162978572970231
Obstacle 2.629177628288239 2.1168478616204673 1.069302169184225 20.61479095204598 -4.2834565308403025 -1.8314527184569147 -0.2879793265790643
Stone 0.6615664809372536 0.6900559130598504 0.8332810428946836 10.373048522205863 -3.9073425175249668 -1.7196778133796398 0.8287424104278958
Stone 0.6500353000912797 0.9995130814062986 1.9437128809873137 4.823760524205454 33.16134762229376 -5.766088626474949 2.644173816771409
Dust 1.6850319504737854 3.4697789172641933 4.283528804779053 2.1900055408477783 -1.721685458207503 -0.9641419947147369 0.0
Dust 0.3364940285682678 0.8143409490585327 1.2205939292907715 5.387394905090332 1.9014613628387451 -0.5936139822006226 0.0
Dust 0.9476979970932007 2.1997029781341553 2.1852400302886963 1.1077569723129272 2.4265084266662598 -0.7829169631004333 0.0
Dust 0.0124550461769104 0.08013200759887695 0.024900972843170166 0.9113545417785645 4.7072343826293945 -0.714571475982666 0.0