Dust 2.3866170197725296 7.805917173624039 3.4081020206212997 1.7311840131878853 -3.0307915657758713 -0.8245235309004784 0.0
Dust 0.4563850164413452 0.5559492111206055 0.17925703525543213 0.706897497177124 -10.757495880126953 0.6181445121765137 0.0
Dust 0.19894695281982422 0.21953201293945312 0.13303101062774658 1.193941593170166 -8.603880882263184 -1.1163544654846191 0.0
Dust 1.2309761047363281 2.0474767684936523 1.6709851026535034 1.767148494720459 9.260149002075195 -0.8955429792404175 0.0
Dust 2.6627489626407623 1.7122116088867188 1.5045520067214966 0.8500240445137024 11.768383979797363 -0.0382685512304306 0.0
Dust 0.6565029621124268 1.1371220350265503 1.0424628257751465 5.771875381469727 0.3160399794578552 1.3016774654388428 0.0
Dust 0.6332760453224182 0.5030040740966797 0.6023030281066895 5.957266807556152 2.0212039947509766 1.1140060424804688 0.0
Dust 0.4820910096168518 0.7673640251159668 0.2098703384399414 5.988368988037109 4.775860786437988 -0.2507624924182892 0.0
Dust 0.276034951210022 0.20483922958374023 0.4337120056152344 7.658884048461914 8.020306587219238 1.8373854160308838 0.0
Dust 0.007202029228210449 0.048844337463378906 0.07871770858764648 5.722820281982422 9.867134094238281 0.9644539952278137 0.0
Dust 0.007455050945281982 0.06369590759277344 0.05760908126831055 4.313676834106445 7.4888081550598145 -0.7794004678726196 0.0