Obstacle 2.0265537618302054 1.6216235485562174 1.0486182933029797 5.5219958523279224 -9.120741584360818 1.4174565794323044 -1.4311699866353496
Obstacle 2.827477589082126 1.9126441298611938 1.3768883845903095 5.49334166953372 -5.684438612805934 1.9056205453427522 -1.4385396067768703
Obstacle 2.5921013678900575 2.4710498470994393 1.9003834812091713 5.982792217013199 -3.2047276257375055 2.012799862800185 -1.4574379630046854
Dust 2.0694117255280875 3.794462934996282 4.596161294801562 1.480613934386243 4.405862017478903 -0.1483362132890725 1.3997697543539078
Dust 1.691464215753087 0.8486681592489224 6.269517180850959 0.1933754861189207 -1.3240445237300646 0.3842433810038829 1.5707963267948963
Dust 1.2922657220215275 1.4002509095802849 0.8581257613705405 3.898414562845485 2.6898981048749677 -0.10218719843224039 1.4234836439171947
Dust 0.0 0.0 0.0 0.0 0.0 0.0 0.0
Dust 0.8937549591064453 0.08699560165405273 0.4590489864349365 0.26815250515937805 -4.235203742980957 0.6239194869995117 0.0
Dust 2.0366919934749603 4.2229180335998535 4.544955730438232 2.2730329036712646 4.330919027328491 -0.3238859921693802 0.0
Dust 0.4178379774093628 1.2423839569091797 0.39212098717689514 0.19862349331378937 -2.112848997116089 -0.05304699391126633 0.0
Dust 0.11600999534130096 0.15466606616973877 0.03041600063443184 0.03451699763536453 1.4877550601959229 -0.0428289994597435 0.0