Obstacle 1.526939426932615 0.35523026256703694 1.5473926307339687 5.223670519363373 -7.671848567919797 0.8529721126244084 0.15294575295411159
Obstacle 2.751912081797377 2.117909384454665 0.7680705401736404 5.717794504391518 -4.272145016958836 2.1821305253893253 -1.5358897417550106
Obstacle 2.6622802740318794 1.1427493821255308 2.437580085405426 5.933387736288295 -2.259964707743845 2.335661444315791 0.02618093521425382
Dust 2.6067229000228083 2.2225093154300333 5.820902675752921 0.7822536191377297 5.547902437949267 -0.05809454145525868 -1.9594705182967693
Dust 2.6712671136248356 -2.8883687864129532 3.6085638167822705 2.4514176855367156 3.7334598910792507 0.4618252111398717 1.1519173063162575
Dust 1.5303558074888415 2.2266029423403504 3.8973755657926796 0.2548866073079684 -2.2560213417910795 0.14305503267661368 1.5486860756676915
Dust 0.7996460199356079 0.238724946975708 0.4199010133743286 0.21469050645828247 -3.7511796951293945 0.19351299107074738 0.0
Dust 1.7248480319976807 3.436413288116455 4.149091720581055 2.0747900009155273 4.498460412025452 -0.3751260042190552 0.0
Dust 0.0952950119972229 0.06851911544799805 0.028462998569011688 0.12151649594306946 -2.447953462600708 0.25168150663375854 0.0
Dust 0.18584799766540527 0.22814595699310303 0.48134398460388184 0.24299299716949463 -1.1564409732818604 -0.07463599741458893 0.0
Dust 0.08684396743774414 0.037261962890625 0.0392950177192688 0.5725234746932983 6.861939907073975 -0.5327759981155396 0.0